Time	E/V
0.000000000	0.000000000
0.001500375	0.000094232
0.003000750	0.000188380
0.004501125	0.000282435
0.006001500	0.000376390
0.007501875	0.000470235
0.009002251	0.000563963
0.010502626	0.000657565
0.012003001	0.000751034
0.013503376	0.000844361
0.015003751	0.000937537
0.016504126	0.001030555
0.018004501	0.001123406
0.019504876	0.001216083
0.021005251	0.001308577
0.022505626	0.001400880
0.024006002	0.001492984
0.025506377	0.001584881
0.027006752	0.001676563
0.028507127	0.001768022
0.030007502	0.001859250
0.031507877	0.001950240
0.033008252	0.002040982
0.034508627	0.002131470
0.036009002	0.002221695
0.037509377	0.002311650
0.039009752	0.002401327
0.040510128	0.002490719
0.042010503	0.002579816
0.043510878	0.002668612
0.045011253	0.002757100
0.046511628	0.002845270
0.048012003	0.002933117
0.049512378	0.003020632
0.051012753	0.003107807
0.052513128	0.003194636
0.054013503	0.003281111
0.055513878	0.003367224
0.057014254	0.003452968
0.058514629	0.003538336
0.060015004	0.003623320
0.061515379	0.003707914
0.063015754	0.003792109
0.064516129	0.003875899
0.066016504	0.003959277
0.067516879	0.004042235
0.069017254	0.004124767
0.070517629	0.004206866
0.072018005	0.004288524
0.073518380	0.004369734
0.075018755	0.004450491
0.076519130	0.004530786
0.078019505	0.004610613
0.079519880	0.004689966
0.081020255	0.004768838
0.082520630	0.004847222
0.084021005	0.004925111
0.085521380	0.005002499
0.087021755	0.005079380
0.088522131	0.005155747
0.090022506	0.005231594
0.091522881	0.005306914
0.093023256	0.005381701
0.094523631	0.005455949
0.096024006	0.005529652
0.097524381	0.005602803
0.099024756	0.005675397
0.100525131	0.005747427
0.102025506	0.005818888
0.103525881	0.005889774
0.105026257	0.005960078
0.106526632	0.006029795
0.108027007	0.006098920
0.109527382	0.006167446
0.111027757	0.006235368
0.112528132	0.006302681
0.114028507	0.006369378
0.115528882	0.006435455
0.117029257	0.006500907
0.118529632	0.006565726
0.120030008	0.006629910
0.121530383	0.006693452
0.123030758	0.006756347
0.124531133	0.006818590
0.126031508	0.006880176
0.127531883	0.006941100
0.129032258	0.007001357
0.130532633	0.007060943
0.132033008	0.007119853
0.133533383	0.007178081
0.135033758	0.007235624
0.136534134	0.007292477
0.138034509	0.007348635
0.139534884	0.007404094
0.141035259	0.007458849
0.142535634	0.007512896
0.144036009	0.007566231
0.145536384	0.007618850
0.147036759	0.007670749
0.148537134	0.007721923
0.150037509	0.007772368
0.151537884	0.007822082
0.153038260	0.007871059
0.154538635	0.007919296
0.156039010	0.007966790
0.157539385	0.008013536
0.159039760	0.008059532
0.160540135	0.008104774
0.162040510	0.008149257
0.163540885	0.008192980
0.165041260	0.008235938
0.166541635	0.008278129
0.168042011	0.008319549
0.169542386	0.008360196
0.171042761	0.008400066
0.172543136	0.008439156
0.174043511	0.008477463
0.175543886	0.008514985
0.177044261	0.008551720
0.178544636	0.008587663
0.180045011	0.008622814
0.181545386	0.008657169
0.183045761	0.008690725
0.184546137	0.008723481
0.186046512	0.008755435
0.187546887	0.008786584
0.189047262	0.008816925
0.190547637	0.008846458
0.192048012	0.008875179
0.193548387	0.008903087
0.195048762	0.008930181
0.196549137	0.008956458
0.198049512	0.008981917
0.199549887	0.009006556
0.201050263	0.009030374
0.202550638	0.009053369
0.204051013	0.009075539
0.205551388	0.009096884
0.207051763	0.009117403
0.208552138	0.009137093
0.210052513	0.009155954
0.211552888	0.009173986
0.213053263	0.009191186
0.214553638	0.009207555
0.216054014	0.009223090
0.217554389	0.009237793
0.219054764	0.009251662
0.220555139	0.009264696
0.222055514	0.009276895
0.223555889	0.009288259
0.225056264	0.009298787
0.226556639	0.009308479
0.228057014	0.009317334
0.229557389	0.009325354
0.231057764	0.009332537
0.232558140	0.009338883
0.234058515	0.009344394
0.235558890	0.009349068
0.237059265	0.009352907
0.238559640	0.009355910
0.240060015	0.009358078
0.241560390	0.009359411
0.243060765	0.009359911
0.244561140	0.009359577
0.246061515	0.009358410
0.247561890	0.009356412
0.249062266	0.009353582
0.250562641	0.009349922
0.252063016	0.009345433
0.253563391	0.009340116
0.255063766	0.009333972
0.256564141	0.009327002
0.258064516	0.009319208
0.259564891	0.009310591
0.261065266	0.009301152
0.262565641	0.009290892
0.264066017	0.009279815
0.265566392	0.009267920
0.267066767	0.009255210
0.268567142	0.009241686
0.270067517	0.009227351
0.271567892	0.009212207
0.273068267	0.009196254
0.274568642	0.009179496
0.276069017	0.009161935
0.277569392	0.009143572
0.279069767	0.009124410
0.280570143	0.009104452
0.282070518	0.009083700
0.283570893	0.009062155
0.285071268	0.009039822
0.286571643	0.009016702
0.288072018	0.008992798
0.289572393	0.008968114
0.291072768	0.008942650
0.292573143	0.008916412
0.294073518	0.008889401
0.295573893	0.008861621
0.297074269	0.008833074
0.298574644	0.008803764
0.300075019	0.008773695
0.301575394	0.008742868
0.303075769	0.008711289
0.304576144	0.008678959
0.306076519	0.008645884
0.307576894	0.008612065
0.309077269	0.008577507
0.310577644	0.008542214
0.312078020	0.008506188
0.313578395	0.008469435
0.315078770	0.008431957
0.316579145	0.008393760
0.318079520	0.008354846
0.319579895	0.008315219
0.321080270	0.008274885
0.322580645	0.008233846
0.324081020	0.008192108
0.325581395	0.008149675
0.327081770	0.008106550
0.328582146	0.008062738
0.330082521	0.008018244
0.331582896	0.007973073
0.333083271	0.007927228
0.334583646	0.007880714
0.336084021	0.007833537
0.337584396	0.007785700
0.339084771	0.007737209
0.340585146	0.007688069
0.342085521	0.007638283
0.343585896	0.007587858
0.345086272	0.007536799
0.346586647	0.007485109
0.348087022	0.007432795
0.349587397	0.007379862
0.351087772	0.007326314
0.352588147	0.007272158
0.354088522	0.007217398
0.355588897	0.007162040
0.357089272	0.007106088
0.358589647	0.007049550
0.360090023	0.006992429
0.361590398	0.006934732
0.363090773	0.006876465
0.364591148	0.006817632
0.366091523	0.006758240
0.367591898	0.006698294
0.369092273	0.006637801
0.370592648	0.006576765
0.372093023	0.006515193
0.373593398	0.006453091
0.375093773	0.006390464
0.376594149	0.006327319
0.378094524	0.006263662
0.379594899	0.006199499
0.381095274	0.006134835
0.382595649	0.006069678
0.384096024	0.006004033
0.385596399	0.005937906
0.387096774	0.005871304
0.388597149	0.005804233
0.390097524	0.005736700
0.391597899	0.005668710
0.393098275	0.005600270
0.394598650	0.005531388
0.396099025	0.005462068
0.397599400	0.005392318
0.399099775	0.005322144
0.400600150	0.005251553
0.402100525	0.005180551
0.403600900	0.005109146
0.405101275	0.005037343
0.406601650	0.004965150
0.408102026	0.004892573
0.409602401	0.004819619
0.411102776	0.004746295
0.412603151	0.004672607
0.414103526	0.004598563
0.415603901	0.004524169
0.417104276	0.004449432
0.418604651	0.004374359
0.420105026	0.004298958
0.421605401	0.004223234
0.423105776	0.004147196
0.424606152	0.004070850
0.426106527	0.003994203
0.427606902	0.003917262
0.429107277	0.003840034
0.430607652	0.003762527
0.432108027	0.003684747
0.433608402	0.003606702
0.435108777	0.003528399
0.436609152	0.003449845
0.438109527	0.003371047
0.439609902	0.003292012
0.441110278	0.003212748
0.442610653	0.003133262
0.444111028	0.003053561
0.445611403	0.002973652
0.447111778	0.002893543
0.448612153	0.002813241
0.450112528	0.002732753
0.451612903	0.002652086
0.453113278	0.002571249
0.454613653	0.002490248
0.456114029	0.002409090
0.457614404	0.002327783
0.459114779	0.002246334
0.460615154	0.002164752
0.462115529	0.002083042
0.463615904	0.002001212
0.465116279	0.001919270
0.466616654	0.001837223
0.468117029	0.001755079
0.469617404	0.001672845
0.471117779	0.001590528
0.472618155	0.001508135
0.474118530	0.001425675
0.475618905	0.001343154
0.477119280	0.001260580
0.478619655	0.001177961
0.480120030	0.001095303
0.481620405	0.001012613
0.483120780	0.000929901
0.484621155	0.000847172
0.486121530	0.000764434
0.487621905	0.000681695
0.489122281	0.000598962
0.490622656	0.000516242
0.492123031	0.000433543
0.493623406	0.000350871
0.495123781	0.000268235
0.496624156	0.000185642
0.498124531	0.000103098
0.499624906	0.000020612
0.501125281	-0.000061810
0.502625656	-0.000144160
0.504126032	-0.000226431
0.505626407	-0.000308615
0.507126782	-0.000390706
0.508627157	-0.000472696
0.510127532	-0.000554579
0.511627907	-0.000636345
0.513128282	-0.000717990
0.514628657	-0.000799505
0.516129032	-0.000880883
0.517629407	-0.000962117
0.519129782	-0.001043200
0.520630158	-0.001124125
0.522130533	-0.001204885
0.523630908	-0.001285473
0.525131283	-0.001365882
0.526631658	-0.001446104
0.528132033	-0.001526133
0.529632408	-0.001605962
0.531132783	-0.001685584
0.532633158	-0.001764991
0.534133533	-0.001844178
0.535633908	-0.001923137
0.537134284	-0.002001861
0.538634659	-0.002080343
0.540135034	-0.002158578
0.541635409	-0.002236557
0.543135784	-0.002314274
0.544636159	-0.002391723
0.546136534	-0.002468897
0.547636909	-0.002545789
0.549137284	-0.002622393
0.550637659	-0.002698701
0.552138035	-0.002774708
0.553638410	-0.002850407
0.555138785	-0.002925792
0.556639160	-0.003000855
0.558139535	-0.003075591
0.559639910	-0.003149993
0.561140285	-0.003224054
0.562640660	-0.003297770
0.564141035	-0.003371132
0.565641410	-0.003444136
0.567141785	-0.003516774
0.568642161	-0.003589040
0.570142536	-0.003660930
0.571642911	-0.003732435
0.573143286	-0.003803551
0.574643661	-0.003874271
0.576144036	-0.003944589
0.577644411	-0.004014500
0.579144786	-0.004083997
0.580645161	-0.004153075
0.582145536	-0.004221728
0.583645911	-0.004289950
0.585146287	-0.004357735
0.586646662	-0.004425077
0.588147037	-0.004491972
0.589647412	-0.004558413
0.591147787	-0.004624395
0.592648162	-0.004689912
0.594148537	-0.004754959
0.595648912	-0.004819531
0.597149287	-0.004883622
0.598649662	-0.004947226
0.600150038	-0.005010340
0.601650413	-0.005072956
0.603150788	-0.005135071
0.604651163	-0.005196678
0.606151538	-0.005257774
0.607651913	-0.005318352
0.609152288	-0.005378409
0.610652663	-0.005437938
0.612153038	-0.005496936
0.613653413	-0.005555397
0.615153788	-0.005613316
0.616654164	-0.005670690
0.618154539	-0.005727512
0.619654914	-0.005783779
0.621155289	-0.005839486
0.622655664	-0.005894629
0.624156039	-0.005949202
0.625656414	-0.006003202
0.627156789	-0.006056625
0.628657164	-0.006109465
0.630157539	-0.006161720
0.631657914	-0.006213383
0.633158290	-0.006264453
0.634658665	-0.006314923
0.636159040	-0.006364791
0.637659415	-0.006414053
0.639159790	-0.006462704
0.640660165	-0.006510741
0.642160540	-0.006558159
0.643660915	-0.006604956
0.645161290	-0.006651127
0.646661665	-0.006696670
0.648162041	-0.006741579
0.649662416	-0.006785853
0.651162791	-0.006829487
0.652663166	-0.006872478
0.654163541	-0.006914823
0.655663916	-0.006956518
0.657164291	-0.006997561
0.658664666	-0.007037948
0.660165041	-0.007077676
0.661665416	-0.007116743
0.663165791	-0.007155144
0.664666167	-0.007192878
0.666166542	-0.007229941
0.667666917	-0.007266331
0.669167292	-0.007302046
0.670667667	-0.007337081
0.672168042	-0.007371435
0.673668417	-0.007405106
0.675168792	-0.007438091
0.676669167	-0.007470387
0.678169542	-0.007501992
0.679669917	-0.007532904
0.681170293	-0.007563121
0.682670668	-0.007592641
0.684171043	-0.007621461
0.685671418	-0.007649579
0.687171793	-0.007676994
0.688672168	-0.007703704
0.690172543	-0.007729707
0.691672918	-0.007755001
0.693173293	-0.007779584
0.694673668	-0.007803456
0.696174044	-0.007826613
0.697674419	-0.007849056
0.699174794	-0.007870781
0.700675169	-0.007891789
0.702175544	-0.007912078
0.703675919	-0.007931646
0.705176294	-0.007950493
0.706676669	-0.007968616
0.708177044	-0.007986016
0.709677419	-0.008002692
0.711177794	-0.008018641
0.712678170	-0.008033865
0.714178545	-0.008048361
0.715678920	-0.008062129
0.717179295	-0.008075168
0.718679670	-0.008087478
0.720180045	-0.008099059
0.721680420	-0.008109910
0.723180795	-0.008120030
0.724681170	-0.008129419
0.726181545	-0.008138077
0.727681920	-0.008146004
0.729182296	-0.008153200
0.730682671	-0.008159664
0.732183046	-0.008165397
0.733683421	-0.008170399
0.735183796	-0.008174669
0.736684171	-0.008178208
0.738184546	-0.008181017
0.739684921	-0.008183096
0.741185296	-0.008184444
0.742685671	-0.008185063
0.744186047	-0.008184953
0.745686422	-0.008184115
0.747186797	-0.008182549
0.748687172	-0.008180256
0.750187547	-0.008177237
0.751687922	-0.008173493
0.753188297	-0.008169024
0.754688672	-0.008163832
0.756189047	-0.008157917
0.757689422	-0.008151282
0.759189797	-0.008143926
0.760690173	-0.008135851
0.762190548	-0.008127059
0.763690923	-0.008117550
0.765191298	-0.008107327
0.766691673	-0.008096390
0.768192048	-0.008084742
0.769692423	-0.008072383
0.771192798	-0.008059316
0.772693173	-0.008045543
0.774193548	-0.008031064
0.775693923	-0.008015882
0.777194299	-0.007999999
0.778694674	-0.007983417
0.780195049	-0.007966138
0.781695424	-0.007948164
0.783195799	-0.007929496
0.784696174	-0.007910138
0.786196549	-0.007890092
0.787696924	-0.007869360
0.789197299	-0.007847944
0.790697674	-0.007825847
0.792198050	-0.007803071
0.793698425	-0.007779619
0.795198800	-0.007755493
0.796699175	-0.007730697
0.798199550	-0.007705232
0.799699925	-0.007679103
0.801200300	-0.007652311
0.802700675	-0.007624859
0.804201050	-0.007596751
0.805701425	-0.007567990
0.807201800	-0.007538578
0.808702176	-0.007508519
0.810202551	-0.007477816
0.811702926	-0.007446472
0.813203301	-0.007414491
0.814703676	-0.007381875
0.816204051	-0.007348629
0.817704426	-0.007314755
0.819204801	-0.007280258
0.820705176	-0.007245141
0.822205551	-0.007209407
0.823705926	-0.007173060
0.825206302	-0.007136104
0.826706677	-0.007098543
0.828207052	-0.007060380
0.829707427	-0.007021620
0.831207802	-0.006982266
0.832708177	-0.006942322
0.834208552	-0.006901792
0.835708927	-0.006860681
0.837209302	-0.006818992
0.838709677	-0.006776730
0.840210053	-0.006733899
0.841710428	-0.006690503
0.843210803	-0.006646547
0.844711178	-0.006602034
0.846211553	-0.006556970
0.847711928	-0.006511358
0.849212303	-0.006465204
0.850712678	-0.006418511
0.852213053	-0.006371285
0.853713428	-0.006323529
0.855213803	-0.006275249
0.856714179	-0.006226450
0.858214554	-0.006177136
0.859714929	-0.006127312
0.861215304	-0.006076982
0.862715679	-0.006026152
0.864216054	-0.005974827
0.865716429	-0.005923011
0.867216804	-0.005870710
0.868717179	-0.005817929
0.870217554	-0.005764672
0.871717929	-0.005710945
0.873218305	-0.005656753
0.874718680	-0.005602101
0.876219055	-0.005546995
0.877719430	-0.005491439
0.879219805	-0.005435439
0.880720180	-0.005379001
0.882220555	-0.005322129
0.883720930	-0.005264829
0.885221305	-0.005207107
0.886721680	-0.005148968
0.888222056	-0.005090418
0.889722431	-0.005031461
0.891222806	-0.004972104
0.892723181	-0.004912353
0.894223556	-0.004852212
0.895723931	-0.004791688
0.897224306	-0.004730786
0.898724681	-0.004669512
0.900225056	-0.004607872
0.901725431	-0.004545872
0.903225806	-0.004483516
0.904726182	-0.004420812
0.906226557	-0.004357765
0.907726932	-0.004294381
0.909227307	-0.004230666
0.910727682	-0.004166625
0.912228057	-0.004102265
0.913728432	-0.004037592
0.915228807	-0.003972611
0.916729182	-0.003907329
0.918229557	-0.003841752
0.919729932	-0.003775886
0.921230308	-0.003709737
0.922730683	-0.003643311
0.924231058	-0.003576614
0.925731433	-0.003509653
0.927231808	-0.003442432
0.928732183	-0.003374960
0.930232558	-0.003307242
0.931732933	-0.003239284
0.933233308	-0.003171092
0.934733683	-0.003102673
0.936234059	-0.003034032
0.937734434	-0.002965177
0.939234809	-0.002896114
0.940735184	-0.002826848
0.942235559	-0.002757386
0.943735934	-0.002687735
0.945236309	-0.002617901
0.946736684	-0.002547890
0.948237059	-0.002477709
0.949737434	-0.002407363
0.951237809	-0.002336860
0.952738185	-0.002266206
0.954238560	-0.002195407
0.955738935	-0.002124469
0.957239310	-0.002053399
0.958739685	-0.001982204
0.960240060	-0.001910890
0.961740435	-0.001839463
0.963240810	-0.001767930
0.964741185	-0.001696297
0.966241560	-0.001624570
0.967741935	-0.001552757
0.969242311	-0.001480863
0.970742686	-0.001408896
0.972243061	-0.001336861
0.973743436	-0.001264765
0.975243811	-0.001192614
0.976744186	-0.001120415
0.978244561	-0.001048175
0.979744936	-0.000975900
0.981245311	-0.000903595
0.982745686	-0.000831269
0.984246062	-0.000758927
0.985746437	-0.000686575
0.987246812	-0.000614221
0.988747187	-0.000541870
0.990247562	-0.000469529
0.991747937	-0.000397204
0.993248312	-0.000324903
0.994748687	-0.000252630
0.996249062	-0.000180394
0.997749437	-0.000108199
0.999249812	-0.000036053
1.000750188	0.000036038
1.002250563	0.000108069
1.003750938	0.000180031
1.005251313	0.000251920
1.006751688	0.000323728
1.008252063	0.000395450
1.009752438	0.000467079
1.011252813	0.000538608
1.012753188	0.000610033
1.014253563	0.000681345
1.015753938	0.000752540
1.017254314	0.000823610
1.018754689	0.000894549
1.020255064	0.000965352
1.021755439	0.001036013
1.023255814	0.001106524
1.024756189	0.001176879
1.026256564	0.001247074
1.027756939	0.001317101
1.029257314	0.001386954
1.030757689	0.001456628
1.032258065	0.001526116
1.033758440	0.001595413
1.035258815	0.001664512
1.036759190	0.001733407
1.038259565	0.001802092
1.039759940	0.001870561
1.041260315	0.001938809
1.042760690	0.002006830
1.044261065	0.002074617
1.045761440	0.002142165
1.047261815	0.002209468
1.048762191	0.002276521
1.050262566	0.002343316
1.051762941	0.002409850
1.053263316	0.002476115
1.054763691	0.002542107
1.056264066	0.002607820
1.057764441	0.002673247
1.059264816	0.002738384
1.060765191	0.002803225
1.062265566	0.002867764
1.063765941	0.002931996
1.065266317	0.002995915
1.066766692	0.003059517
1.068267067	0.003122795
1.069767442	0.003185744
1.071267817	0.003248359
1.072768192	0.003310634
1.074268567	0.003372565
1.075768942	0.003434145
1.077269317	0.003495371
1.078769692	0.003556236
1.080270068	0.003616736
1.081770443	0.003676865
1.083270818	0.003736619
1.084771193	0.003795991
1.086271568	0.003854979
1.087771943	0.003913576
1.089272318	0.003971777
1.090772693	0.004029578
1.092273068	0.004086974
1.093773443	0.004143960
1.095273818	0.004200531
1.096774194	0.004256683
1.098274569	0.004312411
1.099774944	0.004367711
1.101275319	0.004422577
1.102775694	0.004477005
1.104276069	0.004530992
1.105776444	0.004584531
1.107276819	0.004637620
1.108777194	0.004690253
1.110277569	0.004742426
1.111777944	0.004794135
1.113278320	0.004845376
1.114778695	0.004896145
1.116279070	0.004946436
1.117779445	0.004996248
1.119279820	0.005045574
1.120780195	0.005094412
1.122280570	0.005142757
1.123780945	0.005190606
1.125281320	0.005237954
1.126781695	0.005284797
1.128282071	0.005331133
1.129782446	0.005376957
1.131282821	0.005422266
1.132783196	0.005467056
1.134283571	0.005511323
1.135783946	0.005555064
1.137284321	0.005598275
1.138784696	0.005640953
1.140285071	0.005683095
1.141785446	0.005724698
1.143285821	0.005765757
1.144786197	0.005806270
1.146286572	0.005846234
1.147786947	0.005885646
1.149287322	0.005924502
1.150787697	0.005962799
1.152288072	0.006000535
1.153788447	0.006037707
1.155288822	0.006074311
1.156789197	0.006110345
1.158289572	0.006145807
1.159789947	0.006180693
1.161290323	0.006215000
1.162790698	0.006248728
1.164291073	0.006281871
1.165791448	0.006314430
1.167291823	0.006346400
1.168792198	0.006377779
1.170292573	0.006408566
1.171792948	0.006438757
1.173293323	0.006468351
1.174793698	0.006497346
1.176294074	0.006525739
1.177794449	0.006553529
1.179294824	0.006580713
1.180795199	0.006607289
1.182295574	0.006633256
1.183795949	0.006658612
1.185296324	0.006683355
1.186796699	0.006707483
1.188297074	0.006730994
1.189797449	0.006753888
1.191297824	0.006776162
1.192798200	0.006797816
1.194298575	0.006818847
1.195798950	0.006839254
1.197299325	0.006859036
1.198799700	0.006878191
1.200300075	0.006896720
1.201800450	0.006914619
1.203300825	0.006931889
1.204801200	0.006948528
1.206301575	0.006964535
1.207801950	0.006979909
1.209302326	0.006994650
1.210802701	0.007008756
1.212303076	0.007022228
1.213803451	0.007035063
1.215303826	0.007047262
1.216804201	0.007058825
1.218304576	0.007069749
1.219804951	0.007080036
1.221305326	0.007089684
1.222805701	0.007098694
1.224306077	0.007107064
1.225806452	0.007114796
1.227306827	0.007121888
1.228807202	0.007128340
1.230307577	0.007134153
1.231807952	0.007139326
1.233308327	0.007143860
1.234808702	0.007147754
1.236309077	0.007151009
1.237809452	0.007153625
1.239309827	0.007155602
1.240810203	0.007156941
1.242310578	0.007157642
1.243810953	0.007157705
1.245311328	0.007157131
1.246811703	0.007155921
1.248312078	0.007154075
1.249812453	0.007151593
1.251312828	0.007148477
1.252813203	0.007144728
1.254313578	0.007140345
1.255813953	0.007135331
1.257314329	0.007129686
1.258814704	0.007123410
1.260315079	0.007116506
1.261815454	0.007108974
1.263315829	0.007100815
1.264816204	0.007092031
1.266316579	0.007082623
1.267816954	0.007072592
1.269317329	0.007061940
1.270817704	0.007050668
1.272318080	0.007038778
1.273818455	0.007026270
1.275318830	0.007013147
1.276819205	0.006999411
1.278319580	0.006985063
1.279819955	0.006970105
1.281320330	0.006954538
1.282820705	0.006938365
1.284321080	0.006921588
1.285821455	0.006904208
1.287321830	0.006886228
1.288822206	0.006867649
1.290322581	0.006848474
1.291822956	0.006828705
1.293323331	0.006808344
1.294823706	0.006787394
1.296324081	0.006765856
1.297824456	0.006743734
1.299324831	0.006721029
1.300825206	0.006697745
1.302325581	0.006673883
1.303825956	0.006649446
1.305326332	0.006624437
1.306826707	0.006598859
1.308327082	0.006572714
1.309827457	0.006546005
1.311327832	0.006518735
1.312828207	0.006490907
1.314328582	0.006462523
1.315828957	0.006433588
1.317329332	0.006404103
1.318829707	0.006374071
1.320330083	0.006343497
1.321830458	0.006312383
1.323330833	0.006280732
1.324831208	0.006248547
1.326331583	0.006215832
1.327831958	0.006182591
1.329332333	0.006148826
1.330832708	0.006114541
1.332333083	0.006079739
1.333833458	0.006044424
1.335333833	0.006008600
1.336834209	0.005972269
1.338334584	0.005935437
1.339834959	0.005898106
1.341335334	0.005860280
1.342835709	0.005821963
1.344336084	0.005783158
1.345836459	0.005743870
1.347336834	0.005704103
1.348837209	0.005663860
1.350337584	0.005623145
1.351837959	0.005581963
1.353338335	0.005540317
1.354838710	0.005498211
1.356339085	0.005455650
1.357839460	0.005412637
1.359339835	0.005369178
1.360840210	0.005325276
1.362340585	0.005280935
1.363840960	0.005236159
1.365341335	0.005190954
1.366841710	0.005145323
1.368342086	0.005099271
1.369842461	0.005052803
1.371342836	0.005005921
1.372843211	0.004958633
1.374343586	0.004910940
1.375843961	0.004862850
1.377344336	0.004814365
1.378844711	0.004765490
1.380345086	0.004716231
1.381845461	0.004666592
1.383345836	0.004616577
1.384846212	0.004566192
1.386346587	0.004515441
1.387846962	0.004464329
1.389347337	0.004412861
1.390847712	0.004361041
1.392348087	0.004308875
1.393848462	0.004256368
1.395348837	0.004203524
1.396849212	0.004150348
1.398349587	0.004096846
1.399849962	0.004043022
1.401350338	0.003988882
1.402850713	0.003934430
1.404351088	0.003879672
1.405851463	0.003824613
1.407351838	0.003769257
1.408852213	0.003713611
1.410352588	0.003657679
1.411852963	0.003601467
1.413353338	0.003544979
1.414853713	0.003488221
1.416354089	0.003431198
1.417854464	0.003373916
1.419354839	0.003316380
1.420855214	0.003258595
1.422355589	0.003200566
1.423855964	0.003142300
1.425356339	0.003083800
1.426856714	0.003025073
1.428357089	0.002966124
1.429857464	0.002906959
1.431357839	0.002847582
1.432858215	0.002788000
1.434358590	0.002728218
1.435858965	0.002668241
1.437359340	0.002608074
1.438859715	0.002547724
1.440360090	0.002487196
1.441860465	0.002426495
1.443360840	0.002365627
1.444861215	0.002304598
1.446361590	0.002243413
1.447861965	0.002182077
1.449362341	0.002120596
1.450862716	0.002058976
1.452363091	0.001997222
1.453863466	0.001935340
1.455363841	0.001873336
1.456864216	0.001811215
1.458364591	0.001748983
1.459864966	0.001686645
1.461365341	0.001624207
1.462865716	0.001561675
1.464366092	0.001499055
1.465866467	0.001436351
1.467366842	0.001373570
1.468867217	0.001310717
1.470367592	0.001247798
1.471867967	0.001184819
1.473368342	0.001121784
1.474868717	0.001058701
1.476369092	0.000995575
1.477869467	0.000932410
1.479369842	0.000869213
1.480870218	0.000805990
1.482370593	0.000742746
1.483870968	0.000679487
1.485371343	0.000616218
1.486871718	0.000552945
1.488372093	0.000489674
1.489872468	0.000426410
1.491372843	0.000363159
1.492873218	0.000299927
1.494373593	0.000236719
1.495873968	0.000173541
1.497374344	0.000110398
1.498874719	0.000047296
1.500375094	-0.000015759
1.501875469	-0.000078762
1.503375844	-0.000141708
1.504876219	-0.000204590
1.506376594	-0.000267404
1.507876969	-0.000330143
1.509377344	-0.000392802
1.510877719	-0.000455376
1.512378095	-0.000517859
1.513878470	-0.000580245
1.515378845	-0.000642530
1.516879220	-0.000704708
1.518379595	-0.000766772
1.519879970	-0.000828719
1.521380345	-0.000890542
1.522880720	-0.000952236
1.524381095	-0.001013795
1.525881470	-0.001075215
1.527381845	-0.001136490
1.528882221	-0.001197614
1.530382596	-0.001258583
1.531882971	-0.001319390
1.533383346	-0.001380031
1.534883721	-0.001440501
1.536384096	-0.001500794
1.537884471	-0.001560904
1.539384846	-0.001620827
1.540885221	-0.001680558
1.542385596	-0.001740091
1.543885971	-0.001799422
1.545386347	-0.001858544
1.546886722	-0.001917454
1.548387097	-0.001976146
1.549887472	-0.002034614
1.551387847	-0.002092854
1.552888222	-0.002150862
1.554388597	-0.002208631
1.555888972	-0.002266157
1.557389347	-0.002323435
1.558889722	-0.002380460
1.560390098	-0.002437228
1.561890473	-0.002493733
1.563390848	-0.002549970
1.564891223	-0.002605936
1.566391598	-0.002661624
1.567891973	-0.002717031
1.569392348	-0.002772151
1.570892723	-0.002826980
1.572393098	-0.002881514
1.573893473	-0.002935747
1.575393848	-0.002989676
1.576894224	-0.003043295
1.578394599	-0.003096599
1.579894974	-0.003149586
1.581395349	-0.003202249
1.582895724	-0.003254586
1.584396099	-0.003306590
1.585896474	-0.003358258
1.587396849	-0.003409586
1.588897224	-0.003460569
1.590397599	-0.003511203
1.591897974	-0.003561484
1.593398350	-0.003611407
1.594898725	-0.003660969
1.596399100	-0.003710166
1.597899475	-0.003758992
1.599399850	-0.003807445
1.600900225	-0.003855519
1.602400600	-0.003903212
1.603900975	-0.003950519
1.605401350	-0.003997437
1.606901725	-0.004043961
1.608402101	-0.004090088
1.609902476	-0.004135813
1.611402851	-0.004181134
1.612903226	-0.004226046
1.614403601	-0.004270546
1.615903976	-0.004314630
1.617404351	-0.004358295
1.618904726	-0.004401536
1.620405101	-0.004444352
1.621905476	-0.004486737
1.623405851	-0.004528688
1.624906227	-0.004570203
1.626406602	-0.004611278
1.627906977	-0.004651909
1.629407352	-0.004692094
1.630907727	-0.004731829
1.632408102	-0.004771110
1.633908477	-0.004809936
1.635408852	-0.004848302
1.636909227	-0.004886206
1.638409602	-0.004923644
1.639909977	-0.004960614
1.641410353	-0.004997113
1.642910728	-0.005033138
1.644411103	-0.005068686
1.645911478	-0.005103754
1.647411853	-0.005138340
1.648912228	-0.005172440
1.650412603	-0.005206053
1.651912978	-0.005239176
1.653413353	-0.005271805
1.654913728	-0.005303940
1.656414104	-0.005335576
1.657914479	-0.005366712
1.659414854	-0.005397345
1.660915229	-0.005427473
1.662415604	-0.005457094
1.663915979	-0.005486206
1.665416354	-0.005514806
1.666916729	-0.005542892
1.668417104	-0.005570462
1.669917479	-0.005597514
1.671417854	-0.005624047
1.672918230	-0.005650057
1.674418605	-0.005675544
1.675918980	-0.005700505
1.677419355	-0.005724939
1.678919730	-0.005748843
1.680420105	-0.005772217
1.681920480	-0.005795058
1.683420855	-0.005817365
1.684921230	-0.005839136
1.686421605	-0.005860370
1.687921980	-0.005881066
1.689422356	-0.005901221
1.690922731	-0.005920835
1.692423106	-0.005939907
1.693923481	-0.005958434
1.695423856	-0.005976416
1.696924231	-0.005993852
1.698424606	-0.006010741
1.699924981	-0.006027081
1.701425356	-0.006042871
1.702925731	-0.006058111
1.704426107	-0.006072799
1.705926482	-0.006086935
1.707426857	-0.006100518
1.708927232	-0.006113548
1.710427607	-0.006126022
1.711927982	-0.006137942
1.713428357	-0.006149305
1.714928732	-0.006160112
1.716429107	-0.006170363
1.717929482	-0.006180056
1.719429857	-0.006189191
1.720930233	-0.006197767
1.722430608	-0.006205786
1.723930983	-0.006213246
1.725431358	-0.006220146
1.726931733	-0.006226488
1.728432108	-0.006232270
1.729932483	-0.006237493
1.731432858	-0.006242157
1.732933233	-0.006246261
1.734433608	-0.006249807
1.735933983	-0.006252793
1.737434359	-0.006255220
1.738934734	-0.006257089
1.740435109	-0.006258399
1.741935484	-0.006259151
1.743435859	-0.006259346
1.744936234	-0.006258983
1.746436609	-0.006258064
1.747936984	-0.006256589
1.749437359	-0.006254557
1.750937734	-0.006251971
1.752438110	-0.006248831
1.753938485	-0.006245137
1.755438860	-0.006240890
1.756939235	-0.006236091
1.758439610	-0.006230741
1.759939985	-0.006224841
1.761440360	-0.006218391
1.762940735	-0.006211393
1.764441110	-0.006203849
1.765941485	-0.006195758
1.767441860	-0.006187122
1.768942236	-0.006177942
1.770442611	-0.006168220
1.771942986	-0.006157957
1.773443361	-0.006147155
1.774943736	-0.006135813
1.776444111	-0.006123935
1.777944486	-0.006111522
1.779444861	-0.006098574
1.780945236	-0.006085094
1.782445611	-0.006071084
1.783945986	-0.006056544
1.785446362	-0.006041477
1.786946737	-0.006025885
1.788447112	-0.006009769
1.789947487	-0.005993131
1.791447862	-0.005975973
1.792948237	-0.005958297
1.794448612	-0.005940104
1.795948987	-0.005921398
1.797449362	-0.005902180
1.798949737	-0.005882452
1.800450113	-0.005862217
1.801950488	-0.005841476
1.803450863	-0.005820232
1.804951238	-0.005798487
1.806451613	-0.005776243
1.807951988	-0.005753504
1.809452363	-0.005730270
1.810952738	-0.005706545
1.812453113	-0.005682332
1.813953488	-0.005657632
1.815453863	-0.005632449
1.816954239	-0.005606784
1.818454614	-0.005580642
1.819954989	-0.005554023
1.821455364	-0.005526932
1.822955739	-0.005499371
1.824456114	-0.005471342
1.825956489	-0.005442849
1.827456864	-0.005413895
1.828957239	-0.005384482
1.830457614	-0.005354614
1.831957989	-0.005324293
1.833458365	-0.005293522
1.834958740	-0.005262305
1.836459115	-0.005230646
1.837959490	-0.005198546
1.839459865	-0.005166009
1.840960240	-0.005133038
1.842460615	-0.005099638
1.843960990	-0.005065810
1.845461365	-0.005031559
1.846961740	-0.004996887
1.848462116	-0.004961799
1.849962491	-0.004926297
1.851462866	-0.004890386
1.852963241	-0.004854068
1.854463616	-0.004817347
1.855963991	-0.004780227
1.857464366	-0.004742712
1.858964741	-0.004704805
1.860465116	-0.004666509
1.861965491	-0.004627829
1.863465866	-0.004588769
1.864966242	-0.004549331
1.866466617	-0.004509520
1.867966992	-0.004469340
1.869467367	-0.004428794
1.870967742	-0.004387887
1.872468117	-0.004346623
1.873968492	-0.004305004
1.875468867	-0.004263037
1.876969242	-0.004220723
1.878469617	-0.004178068
1.879969992	-0.004135075
1.881470368	-0.004091749
1.882970743	-0.004048094
1.884471118	-0.004004113
1.885971493	-0.003959812
1.887471868	-0.003915194
1.888972243	-0.003870263
1.890472618	-0.003825024
1.891972993	-0.003779481
1.893473368	-0.003733638
1.894973743	-0.003687500
1.896474119	-0.003641071
1.897974494	-0.003594355
1.899474869	-0.003547356
1.900975244	-0.003500080
1.902475619	-0.003452531
1.903975994	-0.003404712
1.905476369	-0.003356629
1.906976744	-0.003308286
1.908477119	-0.003259687
1.909977494	-0.003210838
1.911477869	-0.003161742
1.912978245	-0.003112404
1.914478620	-0.003062828
1.915978995	-0.003013020
1.917479370	-0.002962984
1.918979745	-0.002912725
1.920480120	-0.002862247
1.921980495	-0.002811554
1.923480870	-0.002760652
1.924981245	-0.002709546
1.926481620	-0.002658239
1.927981995	-0.002606737
1.929482371	-0.002555045
1.930982746	-0.002503167
1.932483121	-0.002451108
1.933983496	-0.002398872
1.935483871	-0.002346465
1.936984246	-0.002293891
1.938484621	-0.002241156
1.939984996	-0.002188264
1.941485371	-0.002135219
1.942985746	-0.002082027
1.944486122	-0.002028692
1.945986497	-0.001975220
1.947486872	-0.001921615
1.948987247	-0.001867882
1.950487622	-0.001814027
1.951987997	-0.001760053
1.953488372	-0.001705966
1.954988747	-0.001651770
1.956489122	-0.001597471
1.957989497	-0.001543074
1.959489872	-0.001488583
1.960990248	-0.001434004
1.962490623	-0.001379340
1.963990998	-0.001324598
1.965491373	-0.001269783
1.966991748	-0.001214898
1.968492123	-0.001159949
1.969992498	-0.001104942
1.971492873	-0.001049880
1.972993248	-0.000994769
1.974493623	-0.000939614
1.975993998	-0.000884419
1.977494374	-0.000829191
1.978994749	-0.000773933
1.980495124	-0.000718650
1.981995499	-0.000663348
1.983495874	-0.000608032
1.984996249	-0.000552706
1.986496624	-0.000497375
1.987996999	-0.000442045
1.989497374	-0.000386719
1.990997749	-0.000331404
1.992498125	-0.000276104
1.993998500	-0.000220824
1.995498875	-0.000165568
1.996999250	-0.000110343
1.998499625	-0.000055152
2.000000000	-0.000000000
2.001500375	0.000055107
2.003000750	0.000110165
2.004501125	0.000165169
2.006001500	0.000220114
2.007501875	0.000274995
2.009002251	0.000329808
2.010502626	0.000384547
2.012003001	0.000439207
2.013503376	0.000493785
2.015003751	0.000548275
2.016504126	0.000602672
2.018004501	0.000656972
2.019504876	0.000711170
2.021005251	0.000765260
2.022505626	0.000819239
2.024006002	0.000873102
2.025506377	0.000926844
2.027006752	0.000980460
2.028507127	0.001033946
2.030007502	0.001087296
2.031507877	0.001140507
2.033008252	0.001193574
2.034508627	0.001246491
2.036009002	0.001299255
2.037509377	0.001351861
2.039009752	0.001404305
2.040510128	0.001456581
2.042010503	0.001508686
2.043510878	0.001560614
2.045011253	0.001612362
2.046511628	0.001663924
2.048012003	0.001715297
2.049512378	0.001766476
2.051012753	0.001817457
2.052513128	0.001868235
2.054013503	0.001918805
2.055513878	0.001969165
2.057014254	0.002019308
2.058514629	0.002069231
2.060015004	0.002118931
2.061515379	0.002168401
2.063015754	0.002217639
2.064516129	0.002266640
2.066016504	0.002315399
2.067516879	0.002363914
2.069017254	0.002412179
2.070517629	0.002460190
2.072018005	0.002507944
2.073518380	0.002555436
2.075018755	0.002602663
2.076519130	0.002649620
2.078019505	0.002696303
2.079519880	0.002742709
2.081020255	0.002788833
2.082520630	0.002834672
2.084021005	0.002880222
2.085521380	0.002925479
2.087021755	0.002970439
2.088522131	0.003015099
2.090022506	0.003059455
2.091522881	0.003103502
2.093023256	0.003147238
2.094523631	0.003190658
2.096024006	0.003233760
2.097524381	0.003276539
2.099024756	0.003318992
2.100525131	0.003361116
2.102025506	0.003402906
2.103525881	0.003444360
2.105026257	0.003485475
2.106526632	0.003526246
2.108027007	0.003566670
2.109527382	0.003606744
2.111027757	0.003646465
2.112528132	0.003685830
2.114028507	0.003724835
2.115528882	0.003763477
2.117029257	0.003801753
2.118529632	0.003839660
2.120030008	0.003877195
2.121530383	0.003914354
2.123030758	0.003951135
2.124531133	0.003987535
2.126031508	0.004023551
2.127531883	0.004059180
2.129032258	0.004094419
2.130532633	0.004129265
2.132033008	0.004163715
2.133533383	0.004197768
2.135033758	0.004231419
2.136534134	0.004264666
2.138034509	0.004297508
2.139534884	0.004329940
2.141035259	0.004361961
2.142535634	0.004393568
2.144036009	0.004424759
2.145536384	0.004455531
2.147036759	0.004485881
2.148537134	0.004515808
2.150037509	0.004545309
2.151537884	0.004574381
2.153038260	0.004603023
2.154538635	0.004631233
2.156039010	0.004659007
2.157539385	0.004686345
2.159039760	0.004713243
2.160540135	0.004739700
2.162040510	0.004765715
2.163540885	0.004791284
2.165041260	0.004816406
2.166541635	0.004841079
2.168042011	0.004865302
2.169542386	0.004889072
2.171042761	0.004912388
2.172543136	0.004935248
2.174043511	0.004957651
2.175543886	0.004979594
2.177044261	0.005001076
2.178544636	0.005022096
2.180045011	0.005042652
2.181545386	0.005062743
2.183045761	0.005082367
2.184546137	0.005101523
2.186046512	0.005120209
2.187546887	0.005138425
2.189047262	0.005156169
2.190547637	0.005173440
2.192048012	0.005190236
2.193548387	0.005206557
2.195048762	0.005222402
2.196549137	0.005237769
2.198049512	0.005252657
2.199549887	0.005267066
2.201050263	0.005280995
2.202550638	0.005294442
2.204051013	0.005307407
2.205551388	0.005319890
2.207051763	0.005331889
2.208552138	0.005343404
2.210052513	0.005354435
2.211552888	0.005364979
2.213053263	0.005375038
2.214553638	0.005384611
2.216054014	0.005393696
2.217554389	0.005402294
2.219054764	0.005410405
2.220555139	0.005418027
2.222055514	0.005425161
2.223555889	0.005431807
2.225056264	0.005437963
2.226556639	0.005443631
2.228057014	0.005448810
2.229557389	0.005453500
2.231057764	0.005457701
2.232558140	0.005461412
2.234058515	0.005464635
2.235558890	0.005467368
2.237059265	0.005469613
2.238559640	0.005471369
2.240060015	0.005472637
2.241560390	0.005473417
2.243060765	0.005473709
2.244561140	0.005473514
2.246061515	0.005472831
2.247561890	0.005471663
2.249062266	0.005470008
2.250562641	0.005467868
2.252063016	0.005465242
2.253563391	0.005462133
2.255063766	0.005458540
2.256564141	0.005454464
2.258064516	0.005449906
2.259564891	0.005444866
2.261065266	0.005439346
2.262565641	0.005433347
2.264066017	0.005426868
2.265566392	0.005419912
2.267066767	0.005412480
2.268567142	0.005404571
2.270067517	0.005396188
2.271567892	0.005387331
2.273068267	0.005378002
2.274568642	0.005368202
2.276069017	0.005357932
2.277569392	0.005347193
2.279069767	0.005335988
2.280570143	0.005324316
2.282070518	0.005312180
2.283570893	0.005299581
2.285071268	0.005286520
2.286571643	0.005272999
2.288072018	0.005259020
2.289572393	0.005244585
2.291072768	0.005229694
2.292573143	0.005214349
2.294073518	0.005198553
2.295573893	0.005182307
2.297074269	0.005165613
2.298574644	0.005148473
2.300075019	0.005130888
2.301575394	0.005112860
2.303075769	0.005094393
2.304576144	0.005075486
2.306076519	0.005056143
2.307576894	0.005036366
2.309077269	0.005016157
2.310577644	0.004995517
2.312078020	0.004974449
2.313578395	0.004952956
2.315078770	0.004931039
2.316579145	0.004908700
2.318079520	0.004885943
2.319579895	0.004862770
2.321080270	0.004839182
2.322580645	0.004815183
2.324081020	0.004790774
2.325581395	0.004765959
2.327081770	0.004740739
2.328582146	0.004715118
2.330082521	0.004689098
2.331582896	0.004662681
2.333083271	0.004635871
2.334583646	0.004608670
2.336084021	0.004581080
2.337584396	0.004553105
2.339084771	0.004524747
2.340585146	0.004496010
2.342085521	0.004466895
2.343585896	0.004437407
2.345086272	0.004407547
2.346586647	0.004377318
2.348087022	0.004346725
2.349587397	0.004315769
2.351087772	0.004284455
2.352588147	0.004252784
2.354088522	0.004220760
2.355588897	0.004188386
2.357089272	0.004155666
2.358589647	0.004122602
2.360090023	0.004089197
2.361590398	0.004055456
2.363090773	0.004021381
2.364591148	0.003986976
2.366091523	0.003952243
2.367591898	0.003917186
2.369092273	0.003881809
2.370592648	0.003846116
2.372093023	0.003810108
2.373593398	0.003773790
2.375093773	0.003737166
2.376594149	0.003700239
2.378094524	0.003663012
2.379594899	0.003625489
2.381095274	0.003587674
2.382595649	0.003549569
2.384096024	0.003511180
2.385596399	0.003472508
2.387096774	0.003433559
2.388597149	0.003394336
2.390097524	0.003354842
2.391597899	0.003315082
2.393098275	0.003275058
2.394598650	0.003234775
2.396099025	0.003194237
2.397599400	0.003153447
2.399099775	0.003112409
2.400600150	0.003071127
2.402100525	0.003029605
2.403600900	0.002987847
2.405101275	0.002945856
2.406601650	0.002903637
2.408102026	0.002861194
2.409602401	0.002818530
2.411102776	0.002775650
2.412603151	0.002732557
2.414103526	0.002689256
2.415603901	0.002645750
2.417104276	0.002602044
2.418604651	0.002558141
2.420105026	0.002514046
2.421605401	0.002469762
2.423105776	0.002425295
2.424606152	0.002380647
2.426106527	0.002335824
2.427606902	0.002290829
2.429107277	0.002245666
2.430607652	0.002200339
2.432108027	0.002154853
2.433608402	0.002109212
2.435108777	0.002063420
2.436609152	0.002017481
2.438109527	0.001971400
2.439609902	0.001925180
2.441110278	0.001878826
2.442610653	0.001832343
2.444111028	0.001785733
2.445611403	0.001739002
2.447111778	0.001692154
2.448612153	0.001645193
2.450112528	0.001598123
2.451612903	0.001550949
2.453113278	0.001503675
2.454613653	0.001456306
2.456114029	0.001408844
2.457614404	0.001361296
2.459114779	0.001313664
2.460615154	0.001265954
2.462115529	0.001218170
2.463615904	0.001170316
2.465116279	0.001122396
2.466616654	0.001074415
2.468117029	0.001026376
2.469617404	0.000978286
2.471117779	0.000930146
2.472618155	0.000881963
2.474118530	0.000833740
2.475618905	0.000785481
2.477119280	0.000737192
2.478619655	0.000688876
2.480120030	0.000640537
2.481620405	0.000592180
2.483120780	0.000543809
2.484621155	0.000495429
2.486121530	0.000447044
2.487621905	0.000398658
2.489122281	0.000350275
2.490622656	0.000301900
2.492123031	0.000253537
2.493623406	0.000205191
2.495123781	0.000156865
2.496624156	0.000108564
2.498124531	0.000060292
2.499624906	0.000012054
2.501125281	-0.000036147
2.502625656	-0.000084305
2.504126032	-0.000132418
2.505626407	-0.000180479
2.507126782	-0.000228486
2.508627157	-0.000276435
2.510127532	-0.000324319
2.511627907	-0.000372137
2.513128282	-0.000419883
2.514628657	-0.000467553
2.516129032	-0.000515143
2.517629407	-0.000562649
2.519129782	-0.000610067
2.520630158	-0.000657392
2.522130533	-0.000704621
2.523630908	-0.000751749
2.525131283	-0.000798772
2.526631658	-0.000845687
2.528132033	-0.000892488
2.529632408	-0.000939172
2.531132783	-0.000985735
2.532633158	-0.001032173
2.534133533	-0.001078482
2.535633908	-0.001124657
2.537134284	-0.001170695
2.538634659	-0.001216592
2.540135034	-0.001262344
2.541635409	-0.001307946
2.543135784	-0.001353396
2.544636159	-0.001398688
2.546136534	-0.001443820
2.547636909	-0.001488787
2.549137284	-0.001533585
2.550637659	-0.001578210
2.552138035	-0.001622659
2.553638410	-0.001666928
2.555138785	-0.001711013
2.556639160	-0.001754911
2.558139535	-0.001798616
2.559639910	-0.001842127
2.561140285	-0.001885438
2.562640660	-0.001928547
2.564141035	-0.001971450
2.565641410	-0.002014143
2.567141785	-0.002056622
2.568642161	-0.002098884
2.570142536	-0.002140925
2.571642911	-0.002182741
2.573143286	-0.002224330
2.574643661	-0.002265687
2.576144036	-0.002306810
2.577644411	-0.002347694
2.579144786	-0.002388336
2.580645161	-0.002428733
2.582145536	-0.002468881
2.583645911	-0.002508778
2.585146287	-0.002548419
2.586646662	-0.002587801
2.588147037	-0.002626921
2.589647412	-0.002665776
2.591147787	-0.002704363
2.592648162	-0.002742677
2.594148537	-0.002780717
2.595648912	-0.002818479
2.597149287	-0.002855959
2.598649662	-0.002893156
2.600150038	-0.002930064
2.601650413	-0.002966683
2.603150788	-0.003003008
2.604651163	-0.003039036
2.606151538	-0.003074765
2.607651913	-0.003110191
2.609152288	-0.003145313
2.610652663	-0.003180126
2.612153038	-0.003214628
2.613653413	-0.003248816
2.615153788	-0.003282687
2.616654164	-0.003316239
2.618154539	-0.003349469
2.619654914	-0.003382375
2.621155289	-0.003414952
2.622655664	-0.003447200
2.624156039	-0.003479115
2.625656414	-0.003510694
2.627156789	-0.003541936
2.628657164	-0.003572837
2.630157539	-0.003603395
2.631657914	-0.003633609
2.633158290	-0.003663474
2.634658665	-0.003692990
2.636159040	-0.003722153
2.637659415	-0.003750961
2.639159790	-0.003779412
2.640660165	-0.003807504
2.642160540	-0.003835235
2.643660915	-0.003862602
2.645161290	-0.003889603
2.646661665	-0.003916236
2.648162041	-0.003942500
2.649662416	-0.003968391
2.651162791	-0.003993908
2.652663166	-0.004019050
2.654163541	-0.004043813
2.655663916	-0.004068197
2.657164291	-0.004092199
2.658664666	-0.004115817
2.660165041	-0.004139050
2.661665416	-0.004161896
2.663165791	-0.004184354
2.664666167	-0.004206421
2.666166542	-0.004228095
2.667666917	-0.004249376
2.669167292	-0.004270262
2.670667667	-0.004290751
2.672168042	-0.004310842
2.673668417	-0.004330532
2.675168792	-0.004349822
2.676669167	-0.004368709
2.678169542	-0.004387192
2.679669917	-0.004405269
2.681170293	-0.004422940
2.682670668	-0.004440203
2.684171043	-0.004457057
2.685671418	-0.004473501
2.687171793	-0.004489533
2.688672168	-0.004505154
2.690172543	-0.004520360
2.691672918	-0.004535152
2.693173293	-0.004549528
2.694673668	-0.004563488
2.696174044	-0.004577031
2.697674419	-0.004590156
2.699174794	-0.004602861
2.700675169	-0.004615146
2.702175544	-0.004627011
2.703675919	-0.004638455
2.705176294	-0.004649476
2.706676669	-0.004660075
2.708177044	-0.004670251
2.709677419	-0.004680002
2.711177794	-0.004689330
2.712678170	-0.004698232
2.714178545	-0.004706710
2.715678920	-0.004714761
2.717179295	-0.004722387
2.718679670	-0.004729586
2.720180045	-0.004736358
2.721680420	-0.004742704
2.723180795	-0.004748622
2.724681170	-0.004754113
2.726181545	-0.004759176
2.727681920	-0.004763812
2.729182296	-0.004768020
2.730682671	-0.004771801
2.732183046	-0.004775153
2.733683421	-0.004778078
2.735183796	-0.004780575
2.736684171	-0.004782645
2.738184546	-0.004784288
2.739684921	-0.004785503
2.741185296	-0.004786292
2.742685671	-0.004786654
2.744186047	-0.004786590
2.745686422	-0.004786100
2.747186797	-0.004785184
2.748687172	-0.004783843
2.750187547	-0.004782077
2.751687922	-0.004779888
2.753188297	-0.004777274
2.754688672	-0.004774238
2.756189047	-0.004770779
2.757689422	-0.004766898
2.759189797	-0.004762597
2.760690173	-0.004757874
2.762190548	-0.004752733
2.763690923	-0.004747172
2.765191298	-0.004741193
2.766691673	-0.004734798
2.768192048	-0.004727986
2.769692423	-0.004720758
2.771192798	-0.004713117
2.772693173	-0.004705062
2.774193548	-0.004696595
2.775693923	-0.004687716
2.777194299	-0.004678428
2.778694674	-0.004668731
2.780195049	-0.004658626
2.781695424	-0.004648114
2.783195799	-0.004637198
2.784696174	-0.004625877
2.786196549	-0.004614154
2.787696924	-0.004602030
2.789197299	-0.004589505
2.790697674	-0.004576583
2.792198050	-0.004563263
2.793698425	-0.004549549
2.795198800	-0.004535440
2.796699175	-0.004520939
2.798199550	-0.004506047
2.799699925	-0.004490767
2.801200300	-0.004475099
2.802700675	-0.004459045
2.804201050	-0.004442607
2.805701425	-0.004425787
2.807201800	-0.004408587
2.808702176	-0.004391009
2.810202551	-0.004373053
2.811702926	-0.004354723
2.813203301	-0.004336020
2.814703676	-0.004316947
2.816204051	-0.004297504
2.817704426	-0.004277695
2.819204801	-0.004257521
2.820705176	-0.004236984
2.822205551	-0.004216087
2.823705926	-0.004194831
2.825206302	-0.004173219
2.826706677	-0.004151253
2.828207052	-0.004128935
2.829707427	-0.004106268
2.831207802	-0.004083254
2.832708177	-0.004059894
2.834208552	-0.004036192
2.835708927	-0.004012151
2.837209302	-0.003987771
2.838709677	-0.003963056
2.840210053	-0.003938008
2.841710428	-0.003912630
2.843210803	-0.003886924
2.844711178	-0.003860893
2.846211553	-0.003834539
2.847711928	-0.003807865
2.849212303	-0.003780874
2.850712678	-0.003753568
2.852213053	-0.003725950
2.853713428	-0.003698022
2.855213803	-0.003669788
2.856714179	-0.003641250
2.858214554	-0.003612411
2.859714929	-0.003583274
2.861215304	-0.003553841
2.862715679	-0.003524115
2.864216054	-0.003494100
2.865716429	-0.003463798
2.867216804	-0.003433212
2.868717179	-0.003402345
2.870217554	-0.003371201
2.871717929	-0.003339781
2.873218305	-0.003308089
2.874718680	-0.003276129
2.876219055	-0.003243902
2.877719430	-0.003211413
2.879219805	-0.003178664
2.880720180	-0.003145659
2.882220555	-0.003112400
2.883720930	-0.003078891
2.885221305	-0.003045135
2.886721680	-0.003011135
2.888222056	-0.002976894
2.889722431	-0.002942416
2.891222806	-0.002907704
2.892723181	-0.002872761
2.894223556	-0.002837591
2.895723931	-0.002802196
2.897224306	-0.002766581
2.898724681	-0.002730747
2.900225056	-0.002694700
2.901725431	-0.002658442
2.903225806	-0.002621976
2.904726182	-0.002585307
2.906226557	-0.002548437
2.907726932	-0.002511369
2.909227307	-0.002474108
2.910727682	-0.002436657
2.912228057	-0.002399019
2.913728432	-0.002361198
2.915228807	-0.002323197
2.916729182	-0.002285020
2.918229557	-0.002246670
2.919729932	-0.002208152
2.921230308	-0.002169467
2.922730683	-0.002130621
2.924231058	-0.002091617
2.925731433	-0.002052457
2.927231808	-0.002013147
2.928732183	-0.001973689
2.930232558	-0.001934087
2.931732933	-0.001894345
2.933233308	-0.001854466
2.934733683	-0.001814454
2.936234059	-0.001774313
2.937734434	-0.001734046
2.939234809	-0.001693658
2.940735184	-0.001653151
2.942235559	-0.001612529
2.943735934	-0.001571797
2.945236309	-0.001530958
2.946736684	-0.001490015
2.948237059	-0.001448973
2.949737434	-0.001407835
2.951237809	-0.001366604
2.952738185	-0.001325285
2.954238560	-0.001283882
2.955738935	-0.001242397
2.957239310	-0.001200835
2.958739685	-0.001159200
2.960240060	-0.001117495
2.961740435	-0.001075724
2.963240810	-0.001033891
2.964741185	-0.000992000
2.966241560	-0.000950054
2.967741935	-0.000908058
2.969242311	-0.000866014
2.970742686	-0.000823927
2.972243061	-0.000781801
2.973743436	-0.000739639
2.975243811	-0.000697445
2.976744186	-0.000655223
2.978244561	-0.000612976
2.979744936	-0.000570710
2.981245311	-0.000528426
2.982745686	-0.000486129
2.984246062	-0.000443823
2.985746437	-0.000401512
2.987246812	-0.000359198
2.988747187	-0.000316887
2.990247562	-0.000274582
2.991747937	-0.000232287
2.993248312	-0.000190004
2.994748687	-0.000147739
2.996249062	-0.000105495
2.997749437	-0.000063275
2.999249812	-0.000021084
3.000750188	0.000021075
3.002250563	0.000063199
3.003750938	0.000105283
3.005251313	0.000147324
3.006751688	0.000189317
3.008252063	0.000231261
3.009752438	0.000273149
3.011252813	0.000314980
3.012753188	0.000356749
3.014253563	0.000398453
3.015753938	0.000440088
3.017254314	0.000481650
3.018754689	0.000523136
3.020255064	0.000564542
3.021755439	0.000605864
3.023255814	0.000647099
3.024756189	0.000688243
3.026256564	0.000729293
3.027756939	0.000770245
3.029257314	0.000811096
3.030757689	0.000851841
3.032258065	0.000892478
3.033758440	0.000933003
3.035258815	0.000973412
3.036759190	0.001013702
3.038259565	0.001053870
3.039759940	0.001093911
3.041260315	0.001133823
3.042760690	0.001173601
3.044261065	0.001213244
3.045761440	0.001252746
3.047261815	0.001292105
3.048762191	0.001331317
3.050262566	0.001370380
3.051762941	0.001409289
3.053263316	0.001448041
3.054763691	0.001486633
3.056264066	0.001525062
3.057764441	0.001563324
3.059264816	0.001601417
3.060765191	0.001639336
3.062265566	0.001677079
3.063765941	0.001714642
3.065266317	0.001752022
3.066766692	0.001789216
3.068267067	0.001826221
3.069767442	0.001863034
3.071267817	0.001899652
3.072768192	0.001936071
3.074268567	0.001972288
3.075768942	0.002008300
3.077269317	0.002044105
3.078769692	0.002079699
3.080270068	0.002115080
3.081770443	0.002150244
3.083270818	0.002185188
3.084771193	0.002219909
3.086271568	0.002254405
3.087771943	0.002288673
3.089272318	0.002322709
3.090772693	0.002356512
3.092273068	0.002390077
3.093773443	0.002423403
3.095273818	0.002456486
3.096774194	0.002489324
3.098274569	0.002521914
3.099774944	0.002554253
3.101275319	0.002586339
3.102775694	0.002618169
3.104276069	0.002649740
3.105776444	0.002681050
3.107276819	0.002712096
3.108777194	0.002742876
3.110277569	0.002773388
3.111777944	0.002803627
3.113278320	0.002833593
3.114778695	0.002863283
3.116279070	0.002892694
3.117779445	0.002921823
3.119279820	0.002950670
3.120780195	0.002979230
3.122280570	0.003007503
3.123780945	0.003035485
3.125281320	0.003063174
3.126781695	0.003090568
3.128282071	0.003117666
3.129782446	0.003144464
3.131282821	0.003170960
3.132783196	0.003197154
3.134283571	0.003223041
3.135783946	0.003248621
3.137284321	0.003273891
3.138784696	0.003298850
3.140285071	0.003323494
3.141785446	0.003347824
3.143285821	0.003371835
3.144786197	0.003395528
3.146286572	0.003418899
3.147786947	0.003441947
3.149287322	0.003464670
3.150787697	0.003487066
3.152288072	0.003509134
3.153788447	0.003530872
3.155288822	0.003552279
3.156789197	0.003573351
3.158289572	0.003594089
3.159789947	0.003614491
3.161290323	0.003634554
3.162790698	0.003654278
3.164291073	0.003673661
3.165791448	0.003692701
3.167291823	0.003711397
3.168792198	0.003729748
3.170292573	0.003747752
3.171792948	0.003765408
3.173293323	0.003782715
3.174793698	0.003799671
3.176294074	0.003816275
3.177794449	0.003832527
3.179294824	0.003848424
3.180795199	0.003863966
3.182295574	0.003879152
3.183795949	0.003893980
3.185296324	0.003908449
3.186796699	0.003922560
3.188297074	0.003936309
3.189797449	0.003949698
3.191297824	0.003962724
3.192798200	0.003975387
3.194298575	0.003987686
3.195798950	0.003999620
3.197299325	0.004011188
3.198799700	0.004022391
3.200300075	0.004033226
3.201800450	0.004043694
3.203300825	0.004053793
3.204801200	0.004063524
3.206301575	0.004072885
3.207801950	0.004081876
3.209302326	0.004090496
3.210802701	0.004098746
3.212303076	0.004106624
3.213803451	0.004114130
3.215303826	0.004121264
3.216804201	0.004128026
3.218304576	0.004134414
3.219804951	0.004140430
3.221305326	0.004146072
3.222805701	0.004151341
3.224306077	0.004156236
3.225806452	0.004160758
3.227306827	0.004164905
3.228807202	0.004168679
3.230307577	0.004172078
3.231807952	0.004175103
3.233308327	0.004177755
3.234808702	0.004180032
3.236309077	0.004181935
3.237809452	0.004183465
3.239309827	0.004184622
3.240810203	0.004185404
3.242310578	0.004185814
3.243810953	0.004185851
3.245311328	0.004185516
3.246811703	0.004184808
3.248312078	0.004183728
3.249812453	0.004182277
3.251312828	0.004180455
3.252813203	0.004178262
3.254313578	0.004175699
3.255813953	0.004172767
3.257314329	0.004169465
3.258814704	0.004165796
3.260315079	0.004161758
3.261815454	0.004157353
3.263315829	0.004152582
3.264816204	0.004147445
3.266316579	0.004141943
3.267816954	0.004136077
3.269317329	0.004129848
3.270817704	0.004123256
3.272318080	0.004116302
3.273818455	0.004108988
3.275318830	0.004101314
3.276819205	0.004093281
3.278319580	0.004084890
3.279819955	0.004076142
3.281320330	0.004067039
3.282820705	0.004057581
3.284321080	0.004047769
3.285821455	0.004037605
3.287321830	0.004027091
3.288822206	0.004016226
3.290322581	0.004005012
3.291822956	0.003993451
3.293323331	0.003981544
3.294823706	0.003969292
3.296324081	0.003956697
3.297824456	0.003943760
3.299324831	0.003930482
3.300825206	0.003916865
3.302325581	0.003902910
3.303825956	0.003888620
3.305326332	0.003873994
3.306826707	0.003859036
3.308327082	0.003843746
3.309827457	0.003828127
3.311327832	0.003812179
3.312828207	0.003795905
3.314328582	0.003779307
3.315828957	0.003762385
3.317329332	0.003745142
3.318829707	0.003727580
3.320330083	0.003709700
3.321830458	0.003691504
3.323330833	0.003672994
3.324831208	0.003654173
3.326331583	0.003635041
3.327831958	0.003615601
3.329332333	0.003595855
3.330832708	0.003575805
3.332333083	0.003555453
3.333833458	0.003534801
3.335333833	0.003513850
3.336834209	0.003492604
3.338334584	0.003471065
3.339834959	0.003449233
3.341335334	0.003427112
3.342835709	0.003404704
3.344336084	0.003382011
3.345836459	0.003359036
3.347336834	0.003335780
3.348837209	0.003312245
3.350337584	0.003288435
3.351837959	0.003264352
3.353338335	0.003239997
3.354838710	0.003215373
3.356339085	0.003190483
3.357839460	0.003165330
3.359339835	0.003139914
3.360840210	0.003114240
3.362340585	0.003088309
3.363840960	0.003062125
3.365341335	0.003035688
3.366841710	0.003009003
3.368342086	0.002982072
3.369842461	0.002954897
3.371342836	0.002927481
3.372843211	0.002899826
3.374343586	0.002871935
3.375843961	0.002843812
3.377344336	0.002815458
3.378844711	0.002786876
3.380345086	0.002758069
3.381845461	0.002729040
3.383345836	0.002699791
3.384846212	0.002670325
3.386346587	0.002640646
3.387846962	0.002610756
3.389347337	0.002580657
3.390847712	0.002550352
3.392348087	0.002519846
3.393848462	0.002489139
3.395348837	0.002458236
3.396849212	0.002427138
3.398349587	0.002395850
3.399849962	0.002364374
3.401350338	0.002332712
3.402850713	0.002300869
3.404351088	0.002268846
3.405851463	0.002236647
3.407351838	0.002204275
3.408852213	0.002171733
3.410352588	0.002139024
3.411852963	0.002106151
3.413353338	0.002073116
3.414853713	0.002039924
3.416354089	0.002006577
3.417854464	0.001973078
3.419354839	0.001939431
3.420855214	0.001905638
3.422355589	0.001871703
3.423855964	0.001837628
3.425356339	0.001803417
3.426856714	0.001769074
3.428357089	0.001734600
3.429857464	0.001700000
3.431357839	0.001665276
3.432858215	0.001630432
3.434358590	0.001595471
3.435858965	0.001560397
3.437359340	0.001525211
3.438859715	0.001489918
3.440360090	0.001454521
3.441860465	0.001419023
3.443360840	0.001383427
3.444861215	0.001347737
3.446361590	0.001311956
3.447861965	0.001276086
3.449362341	0.001240132
3.450862716	0.001204096
3.452363091	0.001167983
3.453863466	0.001131794
3.455363841	0.001095534
3.456864216	0.001059205
3.458364591	0.001022811
3.459864966	0.000986356
3.461365341	0.000949842
3.462865716	0.000913273
3.464366092	0.000876653
3.465866467	0.000839983
3.467366842	0.000803268
3.468867217	0.000766512
3.470367592	0.000729717
3.471867967	0.000692886
3.473368342	0.000656024
3.474868717	0.000619132
3.476369092	0.000582216
3.477869467	0.000545277
3.479369842	0.000508319
3.480870218	0.000471346
3.482370593	0.000434361
3.483870968	0.000397366
3.485371343	0.000360366
3.486871718	0.000323364
3.488372093	0.000286363
3.489872468	0.000249366
3.491372843	0.000212377
3.492873218	0.000175399
3.494373593	0.000138434
3.495873968	0.000101487
3.497374344	0.000064561
3.498874719	0.000027659
3.500375094	-0.000009216
3.501875469	-0.000046061
3.503375844	-0.000082871
3.504876219	-0.000119645
3.506376594	-0.000156379
3.507876969	-0.000193069
3.509377344	-0.000229712
3.510877719	-0.000266305
3.512378095	-0.000302846
3.513878470	-0.000339330
3.515378845	-0.000375754
3.516879220	-0.000412115
3.518379595	-0.000448411
3.519879970	-0.000484638
3.521380345	-0.000520792
3.522880720	-0.000556871
3.524381095	-0.000592871
3.525881470	-0.000628790
3.527381845	-0.000664623
3.528882221	-0.000700369
3.530382596	-0.000736024
3.531882971	-0.000771584
3.533383346	-0.000807047
3.534883721	-0.000842410
3.536384096	-0.000877669
3.537884471	-0.000912822
3.539384846	-0.000947866
3.540885221	-0.000982796
3.542385596	-0.001017612
3.543885971	-0.001052308
3.545386347	-0.001086883
3.546886722	-0.001121334
3.548387097	-0.001155657
3.549887472	-0.001189850
3.551387847	-0.001223909
3.552888222	-0.001257832
3.554388597	-0.001291615
3.555888972	-0.001325257
3.557389347	-0.001358753
3.558889722	-0.001392102
3.560390098	-0.001425299
3.561890473	-0.001458344
3.563390848	-0.001491232
3.564891223	-0.001523960
3.566391598	-0.001556527
3.567891973	-0.001588929
3.569392348	-0.001621164
3.570892723	-0.001653228
3.572393098	-0.001685120
3.573893473	-0.001716835
3.575393848	-0.001748373
3.576894224	-0.001779729
3.578394599	-0.001810902
3.579894974	-0.001841889
3.581395349	-0.001872687
3.582895724	-0.001903293
3.584396099	-0.001933706
3.585896474	-0.001963921
3.587396849	-0.001993938
3.588897224	-0.002023753
3.590397599	-0.002053364
3.591897974	-0.002082768
3.593398350	-0.002111964
3.594898725	-0.002140948
3.596399100	-0.002169718
3.597899475	-0.002198272
3.599399850	-0.002226607
3.600900225	-0.002254721
3.602400600	-0.002282612
3.603900975	-0.002310278
3.605401350	-0.002337715
3.606901725	-0.002364923
3.608402101	-0.002391898
3.609902476	-0.002418638
3.611402851	-0.002445142
3.612903226	-0.002471407
3.614403601	-0.002497431
3.615903976	-0.002523211
3.617404351	-0.002548746
3.618904726	-0.002574034
3.620405101	-0.002599073
3.621905476	-0.002623860
3.623405851	-0.002648393
3.624906227	-0.002672671
3.626406602	-0.002696692
3.627906977	-0.002720453
3.629407352	-0.002743953
3.630907727	-0.002767190
3.632408102	-0.002790162
3.633908477	-0.002812868
3.635408852	-0.002835304
3.636909227	-0.002857470
3.638409602	-0.002879365
3.639909977	-0.002900985
3.641410353	-0.002922330
3.642910728	-0.002943397
3.644411103	-0.002964185
3.645911478	-0.002984693
3.647411853	-0.003004919
3.648912228	-0.003024862
3.650412603	-0.003044518
3.651912978	-0.003063889
3.653413353	-0.003082970
3.654913728	-0.003101763
3.656414104	-0.003120264
3.657914479	-0.003138472
3.659414854	-0.003156387
3.660915229	-0.003174006
3.662415604	-0.003191328
3.663915979	-0.003208353
3.665416354	-0.003225078
3.666916729	-0.003241503
3.668417104	-0.003257626
3.669917479	-0.003273446
3.671417854	-0.003288962
3.672918230	-0.003304173
3.674418605	-0.003319078
3.675918980	-0.003333675
3.677419355	-0.003347964
3.678919730	-0.003361944
3.680420105	-0.003375613
3.681920480	-0.003388970
3.683420855	-0.003402016
3.684921230	-0.003414748
3.686421605	-0.003427165
3.687921980	-0.003439268
3.689422356	-0.003451055
3.690922731	-0.003462526
3.692423106	-0.003473679
3.693923481	-0.003484513
3.695423856	-0.003495030
3.696924231	-0.003505226
3.698424606	-0.003515102
3.699924981	-0.003524658
3.701425356	-0.003533892
3.702925731	-0.003542805
3.704426107	-0.003551395
3.705926482	-0.003559661
3.707426857	-0.003567605
3.708927232	-0.003575224
3.710427607	-0.003582520
3.711927982	-0.003589490
3.713428357	-0.003596136
3.714928732	-0.003602456
3.716429107	-0.003608450
3.717929482	-0.003614118
3.719429857	-0.003619461
3.720930233	-0.003624476
3.722430608	-0.003629166
3.723930983	-0.003633528
3.725431358	-0.003637564
3.726931733	-0.003641272
3.728432108	-0.003644654
3.729932483	-0.003647708
3.731432858	-0.003650436
3.732933233	-0.003652836
3.734433608	-0.003654909
3.735933983	-0.003656655
3.737434359	-0.003658075
3.738934734	-0.003659168
3.740435109	-0.003659934
3.741935484	-0.003660374
3.743435859	-0.003660488
3.744936234	-0.003660276
3.746436609	-0.003659738
3.747936984	-0.003658875
3.749437359	-0.003657687
3.750937734	-0.003656175
3.752438110	-0.003654338
3.753938485	-0.003652178
3.755438860	-0.003649694
3.756939235	-0.003646888
3.758439610	-0.003643759
3.759939985	-0.003640309
3.761440360	-0.003636537
3.762940735	-0.003632445
3.764441110	-0.003628033
3.765941485	-0.003623301
3.767441860	-0.003618251
3.768942236	-0.003612883
3.770442611	-0.003607197
3.771942986	-0.003601195
3.773443361	-0.003594878
3.774943736	-0.003588245
3.776444111	-0.003581299
3.777944486	-0.003574040
3.779444861	-0.003566468
3.780945236	-0.003558585
3.782445611	-0.003550391
3.783945986	-0.003541889
3.785446362	-0.003533077
3.786946737	-0.003523959
3.788447112	-0.003514534
3.789947487	-0.003504804
3.791447862	-0.003494770
3.792948237	-0.003484433
3.794448612	-0.003473794
3.795948987	-0.003462855
3.797449362	-0.003451616
3.798949737	-0.003440079
3.800450113	-0.003428245
3.801950488	-0.003416116
3.803450863	-0.003403692
3.804951238	-0.003390976
3.806451613	-0.003377968
3.807951988	-0.003364669
3.809452363	-0.003351082
3.810952738	-0.003337208
3.812453113	-0.003323048
3.813953488	-0.003308603
3.815453863	-0.003293876
3.816954239	-0.003278867
3.818454614	-0.003263579
3.819954989	-0.003248013
3.821455364	-0.003232169
3.822955739	-0.003216052
3.824456114	-0.003199660
3.825956489	-0.003182998
3.827456864	-0.003166065
3.828957239	-0.003148864
3.830457614	-0.003131397
3.831957989	-0.003113665
3.833458365	-0.003095671
3.834958740	-0.003077415
3.836459115	-0.003058900
3.837959490	-0.003040128
3.839459865	-0.003021100
3.840960240	-0.003001819
3.842460615	-0.002982286
3.843960990	-0.002962504
3.845461365	-0.002942473
3.846961740	-0.002922197
3.848462116	-0.002901678
3.849962491	-0.002880916
3.851462866	-0.002859915
3.852963241	-0.002838676
3.854463616	-0.002817202
3.855963991	-0.002795494
3.857464366	-0.002773555
3.858964741	-0.002751386
3.860465116	-0.002728991
3.861965491	-0.002706371
3.863465866	-0.002683528
3.864966242	-0.002660465
3.866466617	-0.002637183
3.867966992	-0.002613686
3.869467367	-0.002589975
3.870967742	-0.002566052
3.872468117	-0.002541920
3.873968492	-0.002517582
3.875468867	-0.002493039
3.876969242	-0.002468294
3.878469617	-0.002443349
3.879969992	-0.002418207
3.881470368	-0.002392869
3.882970743	-0.002367340
3.884471118	-0.002341620
3.885971493	-0.002315712
3.887471868	-0.002289619
3.888972243	-0.002263343
3.890472618	-0.002236887
3.891972993	-0.002210254
3.893473368	-0.002183445
3.894973743	-0.002156463
3.896474119	-0.002129311
3.897974494	-0.002101991
3.899474869	-0.002074507
3.900975244	-0.002046859
3.902475619	-0.002019052
3.903975994	-0.001991088
3.905476369	-0.001962969
3.906976744	-0.001934697
3.908477119	-0.001906277
3.909977494	-0.001877709
3.911477869	-0.001848998
3.912978245	-0.001820145
3.914478620	-0.001791153
3.915978995	-0.001762025
3.917479370	-0.001732764
3.918979745	-0.001703372
3.920480120	-0.001673852
3.921980495	-0.001644207
3.923480870	-0.001614439
3.924981245	-0.001584552
3.926481620	-0.001554548
3.927981995	-0.001524429
3.929482371	-0.001494199
3.930982746	-0.001463861
3.932483121	-0.001433416
3.933983496	-0.001402869
3.935483871	-0.001372221
3.936984246	-0.001341476
3.938484621	-0.001310636
3.939984996	-0.001279704
3.941485371	-0.001248684
3.942985746	-0.001217577
3.944486122	-0.001186386
3.945986497	-0.001155116
3.947486872	-0.001123767
3.948987247	-0.001092344
3.950487622	-0.001060849
3.951987997	-0.001029285
3.953488372	-0.000997655
3.954988747	-0.000965961
3.956489122	-0.000934207
3.957989497	-0.000902395
3.959489872	-0.000870529
3.960990248	-0.000838610
3.962490623	-0.000806643
3.963990998	-0.000774630
3.965491373	-0.000742573
3.966991748	-0.000710477
3.968492123	-0.000678342
3.969992498	-0.000646174
3.971492873	-0.000613973
3.972993248	-0.000581744
3.974493623	-0.000549489
3.975993998	-0.000517212
3.977494374	-0.000484914
3.978994749	-0.000452599
3.980495124	-0.000420269
3.981995499	-0.000387929
3.983495874	-0.000355579
3.984996249	-0.000323224
3.986496624	-0.000290867
3.987996999	-0.000258509
3.989497374	-0.000226155
3.990997749	-0.000193806
3.992498125	-0.000161467
3.993998500	-0.000129139
3.995498875	-0.000096825
3.996999250	-0.000064529
3.998499625	-0.000032253
4.000000000	-0.000000000
4.001500375	0.000032227
4.003000750	0.000064425
4.004501125	0.000096591
4.006001500	0.000128723
4.007501875	0.000160818
4.009002251	0.000192873
4.010502626	0.000224884
4.012003001	0.000256850
4.013503376	0.000288767
4.015003751	0.000320633
4.016504126	0.000352445
4.018004501	0.000384200
4.019504876	0.000415894
4.021005251	0.000447527
4.022505626	0.000479094
4.024006002	0.000510593
4.025506377	0.000542022
4.027006752	0.000573376
4.028507127	0.000604655
4.030007502	0.000635855
4.031507877	0.000666973
4.033008252	0.000698006
4.034508627	0.000728952
4.036009002	0.000759809
4.037509377	0.000790573
4.039009752	0.000821242
4.040510128	0.000851814
4.042010503	0.000882285
4.043510878	0.000912653
4.045011253	0.000942915
4.046511628	0.000973069
4.048012003	0.001003112
4.049512378	0.001033042
4.051012753	0.001062855
4.052513128	0.001092550
4.054013503	0.001122124
4.055513878	0.001151574
4.057014254	0.001180898
4.058514629	0.001210094
4.060015004	0.001239158
4.061515379	0.001268089
4.063015754	0.001296883
4.064516129	0.001325539
4.066016504	0.001354054
4.067516879	0.001382425
4.069017254	0.001410651
4.070517629	0.001438728
4.072018005	0.001466654
4.073518380	0.001494428
4.075018755	0.001522046
4.076519130	0.001549507
4.078019505	0.001576808
4.079519880	0.001603946
4.081020255	0.001630920
4.082520630	0.001657726
4.084021005	0.001684364
4.085521380	0.001710831
4.087021755	0.001737124
4.088522131	0.001763241
4.090022506	0.001789180
4.091522881	0.001814939
4.093023256	0.001840516
4.094523631	0.001865908
4.096024006	0.001891114
4.097524381	0.001916132
4.099024756	0.001940958
4.100525131	0.001965592
4.102025506	0.001990032
4.103525881	0.002014274
4.105026257	0.002038318
4.106526632	0.002062161
4.108027007	0.002085801
4.109527382	0.002109237
4.111027757	0.002132466
4.112528132	0.002155487
4.114028507	0.002178297
4.115528882	0.002200895
4.117029257	0.002223279
4.118529632	0.002245447
4.120030008	0.002267397
4.121530383	0.002289128
4.123030758	0.002310638
4.124531133	0.002331925
4.126031508	0.002352987
4.127531883	0.002373823
4.129032258	0.002394431
4.130532633	0.002414809
4.132033008	0.002434955
4.133533383	0.002454869
4.135033758	0.002474549
4.136534134	0.002493992
4.138034509	0.002513198
4.139534884	0.002532164
4.141035259	0.002550890
4.142535634	0.002569374
4.144036009	0.002587615
4.145536384	0.002605610
4.147036759	0.002623359
4.148537134	0.002640860
4.150037509	0.002658113
4.151537884	0.002675114
4.153038260	0.002691864
4.154538635	0.002708361
4.156039010	0.002724604
4.157539385	0.002740591
4.159039760	0.002756321
4.160540135	0.002771794
4.162040510	0.002787007
4.163540885	0.002801960
4.165041260	0.002816651
4.166541635	0.002831080
4.168042011	0.002845246
4.169542386	0.002859147
4.171042761	0.002872782
4.172543136	0.002886151
4.174043511	0.002899252
4.175543886	0.002912084
4.177044261	0.002924647
4.178544636	0.002936940
4.180045011	0.002948961
4.181545386	0.002960710
4.183045761	0.002972186
4.184546137	0.002983389
4.186046512	0.002994317
4.187546887	0.003004969
4.189047262	0.003015346
4.190547637	0.003025446
4.192048012	0.003035269
4.193548387	0.003044813
4.195048762	0.003054079
4.196549137	0.003063066
4.198049512	0.003071772
4.199549887	0.003080199
4.201050263	0.003088344
4.202550638	0.003096208
4.204051013	0.003103791
4.205551388	0.003111091
4.207051763	0.003118108
4.208552138	0.003124842
4.210052513	0.003131292
4.211552888	0.003137459
4.213053263	0.003143341
4.214553638	0.003148939
4.216054014	0.003154253
4.217554389	0.003159281
4.219054764	0.003164024
4.220555139	0.003168481
4.222055514	0.003172653
4.223555889	0.003176540
4.225056264	0.003180140
4.226556639	0.003183455
4.228057014	0.003186484
4.229557389	0.003189226
4.231057764	0.003191683
4.232558140	0.003193853
4.234058515	0.003195738
4.235558890	0.003197336
4.237059265	0.003198649
4.238559640	0.003199676
4.240060015	0.003200418
4.241560390	0.003200874
4.243060765	0.003201044
4.244561140	0.003200930
4.246061515	0.003200531
4.247561890	0.003199848
4.249062266	0.003198880
4.250562641	0.003197628
4.252063016	0.003196093
4.253563391	0.003194275
4.255063766	0.003192174
4.256564141	0.003189790
4.258064516	0.003187124
4.259564891	0.003184177
4.261065266	0.003180949
4.262565641	0.003177440
4.264066017	0.003173652
4.265566392	0.003169584
4.267066767	0.003165237
4.268567142	0.003160612
4.270067517	0.003155710
4.271567892	0.003150530
4.273068267	0.003145075
4.274568642	0.003139344
4.276069017	0.003133338
4.277569392	0.003127058
4.279069767	0.003120504
4.280570143	0.003113679
4.282070518	0.003106582
4.283570893	0.003099214
4.285071268	0.003091576
4.286571643	0.003083669
4.288072018	0.003075494
4.289572393	0.003067052
4.291072768	0.003058343
4.292573143	0.003049370
4.294073518	0.003040132
4.295573893	0.003030632
4.297074269	0.003020869
4.298574644	0.003010845
4.300075019	0.003000561
4.301575394	0.002990019
4.303075769	0.002979219
4.304576144	0.002968162
4.306076519	0.002956851
4.307576894	0.002945285
4.309077269	0.002933466
4.310577644	0.002921396
4.312078020	0.002909075
4.313578395	0.002896506
4.315078770	0.002883689
4.316579145	0.002870625
4.318079520	0.002857317
4.319579895	0.002843765
4.321080270	0.002829971
4.322580645	0.002815936
4.324081020	0.002801662
4.325581395	0.002787150
4.327081770	0.002772401
4.328582146	0.002757418
4.330082521	0.002742201
4.331582896	0.002726753
4.333083271	0.002711074
4.334583646	0.002695166
4.336084021	0.002679032
4.337584396	0.002662672
4.339084771	0.002646088
4.340585146	0.002629283
4.342085521	0.002612256
4.343585896	0.002595011
4.345086272	0.002577549
4.346586647	0.002559871
4.348087022	0.002541980
4.349587397	0.002523877
4.351087772	0.002505564
4.352588147	0.002487043
4.354088522	0.002468315
4.355588897	0.002449383
4.357089272	0.002430248
4.358589647	0.002410912
4.360090023	0.002391377
4.361590398	0.002371645
4.363090773	0.002351718
4.364591148	0.002331597
4.366091523	0.002311286
4.367591898	0.002290784
4.369092273	0.002270096
4.370592648	0.002249222
4.372093023	0.002228165
4.373593398	0.002206926
4.375093773	0.002185508
4.376594149	0.002163913
4.378094524	0.002142142
4.379594899	0.002120199
4.381095274	0.002098084
4.382595649	0.002075801
4.384096024	0.002053350
4.385596399	0.002030735
4.387096774	0.002007958
4.388597149	0.001985020
4.390097524	0.001961924
4.391597899	0.001938672
4.393098275	0.001915266
4.394598650	0.001891708
4.396099025	0.001868001
4.397599400	0.001844147
4.399099775	0.001820148
4.400600150	0.001796006
4.402100525	0.001771724
4.403600900	0.001747303
4.405101275	0.001722747
4.406601650	0.001698057
4.408102026	0.001673236
4.409602401	0.001648286
4.411102776	0.001623210
4.412603151	0.001598009
4.414103526	0.001572686
4.415603901	0.001547244
4.417104276	0.001521684
4.418604651	0.001496010
4.420105026	0.001470223
4.421605401	0.001444326
4.423105776	0.001418321
4.424606152	0.001392211
4.426106527	0.001365998
4.427606902	0.001339685
4.429107277	0.001313273
4.430607652	0.001286766
4.432108027	0.001260166
4.433608402	0.001233475
4.435108777	0.001206695
4.436609152	0.001179830
4.438109527	0.001152882
4.439609902	0.001125852
4.441110278	0.001098744
4.442610653	0.001071560
4.444111028	0.001044303
4.445611403	0.001016975
4.447111778	0.000989578
4.448612153	0.000962115
4.450112528	0.000934588
4.451612903	0.000907001
4.453113278	0.000879355
4.454613653	0.000851653
4.456114029	0.000823897
4.457614404	0.000796091
4.459114779	0.000768236
4.460615154	0.000740335
4.462115529	0.000712390
4.463615904	0.000684405
4.465116279	0.000656381
4.466616654	0.000628322
4.468117029	0.000600229
4.469617404	0.000572105
4.471117779	0.000543953
4.472618155	0.000515775
4.474118530	0.000487574
4.475618905	0.000459352
4.477119280	0.000431112
4.478619655	0.000402857
4.480120030	0.000374588
4.481620405	0.000346309
4.483120780	0.000318022
4.484621155	0.000289729
4.486121530	0.000261433
4.487621905	0.000233136
4.489122281	0.000204842
4.490622656	0.000176552
4.492123031	0.000148270
4.493623406	0.000119996
4.495123781	0.000091735
4.496624156	0.000063489
4.498124531	0.000035259
4.499624906	0.000007049
4.501125281	-0.000021139
4.502625656	-0.000049302
4.504126032	-0.000077438
4.505626407	-0.000105545
4.507126782	-0.000133620
4.508627157	-0.000161660
4.510127532	-0.000189663
4.511627907	-0.000217627
4.513128282	-0.000245549
4.514628657	-0.000273427
4.516129032	-0.000301258
4.517629407	-0.000329039
4.519129782	-0.000356769
4.520630158	-0.000384445
4.522130533	-0.000412065
4.523630908	-0.000439626
4.525131283	-0.000467125
4.526631658	-0.000494561
4.528132033	-0.000521930
4.529632408	-0.000549231
4.531132783	-0.000576461
4.532633158	-0.000603618
4.534133533	-0.000630700
4.535633908	-0.000657703
4.537134284	-0.000684627
4.538634659	-0.000711467
4.540135034	-0.000738223
4.541635409	-0.000764892
4.543135784	-0.000791471
4.544636159	-0.000817958
4.546136534	-0.000844351
4.547636909	-0.000870648
4.549137284	-0.000896846
4.550637659	-0.000922943
4.552138035	-0.000948937
4.553638410	-0.000974826
4.555138785	-0.001000607
4.556639160	-0.001026278
4.558139535	-0.001051837
4.559639910	-0.001077282
4.561140285	-0.001102611
4.562640660	-0.001127821
4.564141035	-0.001152911
4.565641410	-0.001177878
4.567141785	-0.001202720
4.568642161	-0.001227435
4.570142536	-0.001252020
4.571642911	-0.001276475
4.573143286	-0.001300796
4.574643661	-0.001324982
4.576144036	-0.001349031
4.577644411	-0.001372940
4.579144786	-0.001396707
4.580645161	-0.001420332
4.582145536	-0.001443811
4.583645911	-0.001467142
4.585146287	-0.001490324
4.586646662	-0.001513355
4.588147037	-0.001536233
4.589647412	-0.001558955
4.591147787	-0.001581521
4.592648162	-0.001603927
4.594148537	-0.001626173
4.595648912	-0.001648256
4.597149287	-0.001670175
4.598649662	-0.001691928
4.600150038	-0.001713512
4.601650413	-0.001734927
4.603150788	-0.001756169
4.604651163	-0.001777239
4.606151538	-0.001798133
4.607651913	-0.001818851
4.609152288	-0.001839390
4.610652663	-0.001859749
4.612153038	-0.001879926
4.613653413	-0.001899919
4.615153788	-0.001919727
4.616654164	-0.001939349
4.618154539	-0.001958782
4.619654914	-0.001978025
4.621155289	-0.001997076
4.622655664	-0.002015935
4.624156039	-0.002034599
4.625656414	-0.002053066
4.627156789	-0.002071337
4.628657164	-0.002089408
4.630157539	-0.002107278
4.631657914	-0.002124947
4.633158290	-0.002142413
4.634658665	-0.002159673
4.636159040	-0.002176728
4.637659415	-0.002193575
4.639159790	-0.002210214
4.640660165	-0.002226642
4.642160540	-0.002242859
4.643660915	-0.002258863
4.645161290	-0.002274654
4.646661665	-0.002290229
4.648162041	-0.002305588
4.649662416	-0.002320729
4.651162791	-0.002335652
4.652663166	-0.002350354
4.654163541	-0.002364836
4.655663916	-0.002379096
4.657164291	-0.002393132
4.658664666	-0.002406944
4.660165041	-0.002420531
4.661665416	-0.002433892
4.663165791	-0.002447025
4.664666167	-0.002459930
4.666166542	-0.002472605
4.667666917	-0.002485050
4.669167292	-0.002497264
4.670667667	-0.002509246
4.672168042	-0.002520995
4.673668417	-0.002532511
4.675168792	-0.002543791
4.676669167	-0.002554836
4.678169542	-0.002565645
4.679669917	-0.002576217
4.681170293	-0.002586551
4.682670668	-0.002596647
4.684171043	-0.002606503
4.685671418	-0.002616119
4.687171793	-0.002625495
4.688672168	-0.002634630
4.690172543	-0.002643523
4.691672918	-0.002652173
4.693173293	-0.002660580
4.694673668	-0.002668744
4.696174044	-0.002676664
4.697674419	-0.002684339
4.699174794	-0.002691769
4.700675169	-0.002698954
4.702175544	-0.002705893
4.703675919	-0.002712585
4.705176294	-0.002719030
4.706676669	-0.002725228
4.708177044	-0.002731179
4.709677419	-0.002736882
4.711177794	-0.002742337
4.712678170	-0.002747543
4.714178545	-0.002752501
4.715678920	-0.002757209
4.717179295	-0.002761669
4.718679670	-0.002765879
4.720180045	-0.002769839
4.721680420	-0.002773550
4.723180795	-0.002777011
4.724681170	-0.002780222
4.726181545	-0.002783183
4.727681920	-0.002785894
4.729182296	-0.002788355
4.730682671	-0.002790566
4.732183046	-0.002792526
4.733683421	-0.002794237
4.735183796	-0.002795697
4.736684171	-0.002796908
4.738184546	-0.002797869
4.739684921	-0.002798579
4.741185296	-0.002799041
4.742685671	-0.002799252
4.744186047	-0.002799215
4.745686422	-0.002798928
4.747186797	-0.002798392
4.748687172	-0.002797608
4.750187547	-0.002796576
4.751687922	-0.002795295
4.753188297	-0.002793767
4.754688672	-0.002791991
4.756189047	-0.002789969
4.757689422	-0.002787699
4.759189797	-0.002785183
4.760690173	-0.002782422
4.762190548	-0.002779415
4.763690923	-0.002776163
4.765191298	-0.002772667
4.766691673	-0.002768926
4.768192048	-0.002764943
4.769692423	-0.002760716
4.771192798	-0.002756247
4.772693173	-0.002751537
4.774193548	-0.002746585
4.775693923	-0.002741393
4.777194299	-0.002735961
4.778694674	-0.002730290
4.780195049	-0.002724381
4.781695424	-0.002718234
4.783195799	-0.002711850
4.784696174	-0.002705229
4.786196549	-0.002698374
4.787696924	-0.002691283
4.789197299	-0.002683959
4.790697674	-0.002676402
4.792198050	-0.002668613
4.793698425	-0.002660592
4.795198800	-0.002652341
4.796699175	-0.002643861
4.798199550	-0.002635152
4.799699925	-0.002626216
4.801200300	-0.002617053
4.802700675	-0.002607665
4.804201050	-0.002598052
4.805701425	-0.002588216
4.807201800	-0.002578157
4.808702176	-0.002567877
4.810202551	-0.002557377
4.811702926	-0.002546658
4.813203301	-0.002535720
4.814703676	-0.002524566
4.816204051	-0.002513196
4.817704426	-0.002501611
4.819204801	-0.002489813
4.820705176	-0.002477803
4.822205551	-0.002465582
4.823705926	-0.002453152
4.825206302	-0.002440513
4.826706677	-0.002427668
4.828207052	-0.002414616
4.829707427	-0.002401360
4.831207802	-0.002387901
4.832708177	-0.002374241
4.834208552	-0.002360380
4.835708927	-0.002346320
4.837209302	-0.002332063
4.838709677	-0.002317609
4.840210053	-0.002302961
4.841710428	-0.002288120
4.843210803	-0.002273087
4.844711178	-0.002257864
4.846211553	-0.002242452
4.847711928	-0.002226853
4.849212303	-0.002211069
4.850712678	-0.002195100
4.852213053	-0.002178949
4.853713428	-0.002162617
4.855213803	-0.002146105
4.856714179	-0.002129416
4.858214554	-0.002112551
4.859714929	-0.002095511
4.861215304	-0.002078299
4.862715679	-0.002060915
4.864216054	-0.002043362
4.865716429	-0.002025641
4.867216804	-0.002007755
4.868717179	-0.001989704
4.870217554	-0.001971490
4.871717929	-0.001953116
4.873218305	-0.001934582
4.874718680	-0.001915892
4.876219055	-0.001897046
4.877719430	-0.001878046
4.879219805	-0.001858894
4.880720180	-0.001839592
4.882220555	-0.001820143
4.883720930	-0.001800546
4.885221305	-0.001780806
4.886721680	-0.001760922
4.888222056	-0.001740898
4.889722431	-0.001720736
4.891222806	-0.001700436
4.892723181	-0.001680001
4.894223556	-0.001659433
4.895723931	-0.001638734
4.897224306	-0.001617906
4.898724681	-0.001596951
4.900225056	-0.001575870
4.901725431	-0.001554666
4.903225806	-0.001533341
4.904726182	-0.001511897
4.906226557	-0.001490335
4.907726932	-0.001468658
4.909227307	-0.001446867
4.910727682	-0.001424966
4.912228057	-0.001402955
4.913728432	-0.001380837
4.915228807	-0.001358614
4.916729182	-0.001336288
4.918229557	-0.001313861
4.919729932	-0.001291335
4.921230308	-0.001268712
4.922730683	-0.001245995
4.924231058	-0.001223185
4.925731433	-0.001200284
4.927231808	-0.001177295
4.928732183	-0.001154220
4.930232558	-0.001131061
4.931732933	-0.001107819
4.933233308	-0.001084498
4.934733683	-0.001061099
4.936234059	-0.001037624
4.937734434	-0.001014076
4.939234809	-0.000990457
4.940735184	-0.000966768
4.942235559	-0.000943013
4.943735934	-0.000919193
4.945236309	-0.000895310
4.946736684	-0.000871366
4.948237059	-0.000847364
4.949737434	-0.000823307
4.951237809	-0.000799195
4.952738185	-0.000775031
4.954238560	-0.000750818
4.955738935	-0.000726558
4.957239310	-0.000702253
4.958739685	-0.000677904
4.960240060	-0.000653515
4.961740435	-0.000629087
4.963240810	-0.000604623
4.964741185	-0.000580125
4.966241560	-0.000555595
4.967741935	-0.000531035
4.969242311	-0.000506448
4.970742686	-0.000481836
4.972243061	-0.000457200
4.973743436	-0.000432543
4.975243811	-0.000407868
4.976744186	-0.000383177
4.978244561	-0.000358471
4.979744936	-0.000333753
4.981245311	-0.000309025
4.982745686	-0.000284290
4.984246062	-0.000259549
4.985746437	-0.000234805
4.987246812	-0.000210061
4.988747187	-0.000185317
4.990247562	-0.000160577
4.991747937	-0.000135842
4.993248312	-0.000111115
4.994748687	-0.000086398
4.996249062	-0.000061694
4.997749437	-0.000037004
4.999249812	-0.000012330
5.000750188	0.000012325
5.002250563	0.000036959
5.003750938	0.000061570
5.005251313	0.000086155
5.006751688	0.000110713
5.008252063	0.000135242
5.009752438	0.000159739
5.011252813	0.000184202
5.012753188	0.000208628
5.014253563	0.000233017
5.015753938	0.000257365
5.017254314	0.000281671
5.018754689	0.000305932
5.020255064	0.000330146
5.021755439	0.000354311
5.023255814	0.000378426
5.024756189	0.000402487
5.026256564	0.000426493
5.027756939	0.000450442
5.029257314	0.000474332
5.030757689	0.000498160
5.032258065	0.000521924
5.033758440	0.000545624
5.035258815	0.000569255
5.036759190	0.000592817
5.038259565	0.000616307
5.039759940	0.000639723
5.041260315	0.000663063
5.042760690	0.000686326
5.044261065	0.000709509
5.045761440	0.000732610
5.047261815	0.000755628
5.048762191	0.000778559
5.050262566	0.000801403
5.051762941	0.000824157
5.053263316	0.000846820
5.054763691	0.000869388
5.056264066	0.000891862
5.057764441	0.000914238
5.059264816	0.000936514
5.060765191	0.000958689
5.062265566	0.000980761
5.063765941	0.001002729
5.065266317	0.001024589
5.066766692	0.001046340
5.068267067	0.001067981
5.069767442	0.001089509
5.071267817	0.001110923
5.072768192	0.001132221
5.074268567	0.001153401
5.075768942	0.001174461
5.077269317	0.001195400
5.078769692	0.001216216
5.080270068	0.001236906
5.081770443	0.001257470
5.083270818	0.001277906
5.084771193	0.001298211
5.086271568	0.001318384
5.087771943	0.001338424
5.089272318	0.001358329
5.090772693	0.001378096
5.092273068	0.001397725
5.093773443	0.001417214
5.095273818	0.001436562
5.096774194	0.001455765
5.098274569	0.001474824
5.099774944	0.001493736
5.101275319	0.001512500
5.102775694	0.001531114
5.104276069	0.001549577
5.105776444	0.001567888
5.107276819	0.001586044
5.108777194	0.001604044
5.110277569	0.001621887
5.111777944	0.001639571
5.113278320	0.001657095
5.114778695	0.001674458
5.116279070	0.001691657
5.117779445	0.001708693
5.119279820	0.001725562
5.120780195	0.001742264
5.122280570	0.001758798
5.123780945	0.001775162
5.125281320	0.001791355
5.126781695	0.001807375
5.128282071	0.001823222
5.129782446	0.001838894
5.131282821	0.001854389
5.132783196	0.001869707
5.134283571	0.001884846
5.135783946	0.001899805
5.137284321	0.001914583
5.138784696	0.001929179
5.140285071	0.001943591
5.141785446	0.001957819
5.143285821	0.001971861
5.144786197	0.001985717
5.146286572	0.001999384
5.147786947	0.002012863
5.149287322	0.002026151
5.150787697	0.002039249
5.152288072	0.002052154
5.153788447	0.002064867
5.155288822	0.002077385
5.156789197	0.002089709
5.158289572	0.002101836
5.159789947	0.002113767
5.161290323	0.002125500
5.162790698	0.002137035
5.164291073	0.002148370
5.165791448	0.002159505
5.167291823	0.002170438
5.168792198	0.002181170
5.170292573	0.002191699
5.171792948	0.002202024
5.173293323	0.002212145
5.174793698	0.002222061
5.176294074	0.002231771
5.177794449	0.002241275
5.179294824	0.002250572
5.180795199	0.002259661
5.182295574	0.002268542
5.183795949	0.002277213
5.185296324	0.002285675
5.186796699	0.002293927
5.188297074	0.002301968
5.189797449	0.002309797
5.191297824	0.002317415
5.192798200	0.002324820
5.194298575	0.002332013
5.195798950	0.002338992
5.197299325	0.002345757
5.198799700	0.002352308
5.200300075	0.002358645
5.201800450	0.002364766
5.203300825	0.002370673
5.204801200	0.002376363
5.206301575	0.002381837
5.207801950	0.002387095
5.209302326	0.002392137
5.210802701	0.002396961
5.212303076	0.002401568
5.213803451	0.002405958
5.215303826	0.002410130
5.216804201	0.002414084
5.218304576	0.002417820
5.219804951	0.002421338
5.221305326	0.002424638
5.222805701	0.002427719
5.224306077	0.002430582
5.225806452	0.002433226
5.227306827	0.002435651
5.228807202	0.002437858
5.230307577	0.002439846
5.231807952	0.002441615
5.233308327	0.002443166
5.234808702	0.002444497
5.236309077	0.002445611
5.237809452	0.002446505
5.239309827	0.002447182
5.240810203	0.002447639
5.242310578	0.002447879
5.243810953	0.002447901
5.245311328	0.002447704
5.246811703	0.002447290
5.248312078	0.002446659
5.249812453	0.002445810
5.251312828	0.002444745
5.252813203	0.002443462
5.254313578	0.002441964
5.255813953	0.002440249
5.257314329	0.002438318
5.258814704	0.002436172
5.260315079	0.002433811
5.261815454	0.002431235
5.263315829	0.002428445
5.264816204	0.002425441
5.266316579	0.002422223
5.267816954	0.002418793
5.269317329	0.002415150
5.270817704	0.002411295
5.272318080	0.002407228
5.273818455	0.002402951
5.275318830	0.002398463
5.276819205	0.002393765
5.278319580	0.002388858
5.279819955	0.002383742
5.281320330	0.002378419
5.282820705	0.002372888
5.284321080	0.002367150
5.285821455	0.002361206
5.287321830	0.002355057
5.288822206	0.002348703
5.290322581	0.002342145
5.291822956	0.002335384
5.293323331	0.002328421
5.294823706	0.002321256
5.296324081	0.002313890
5.297824456	0.002306325
5.299324831	0.002298560
5.300825206	0.002290596
5.302325581	0.002282436
5.303825956	0.002274079
5.305326332	0.002265526
5.306826707	0.002256778
5.308327082	0.002247836
5.309827457	0.002238702
5.311327832	0.002229376
5.312828207	0.002219859
5.314328582	0.002210152
5.315828957	0.002200256
5.317329332	0.002190172
5.318829707	0.002179902
5.320330083	0.002169445
5.321830458	0.002158805
5.323330833	0.002147980
5.324831208	0.002136973
5.326331583	0.002125785
5.327831958	0.002114416
5.329332333	0.002102869
5.330832708	0.002091143
5.332333083	0.002079241
5.333833458	0.002067164
5.335333833	0.002054912
5.336834209	0.002042487
5.338334584	0.002029891
5.339834959	0.002017124
5.341335334	0.002004187
5.342835709	0.001991083
5.344336084	0.001977812
5.345836459	0.001964376
5.347336834	0.001950776
5.348837209	0.001937013
5.350337584	0.001923089
5.351837959	0.001909004
5.353338335	0.001894762
5.354838710	0.001880362
5.356339085	0.001865806
5.357839460	0.001851096
5.359339835	0.001836233
5.360840210	0.001821219
5.362340585	0.001806054
5.363840960	0.001790741
5.365341335	0.001775281
5.366841710	0.001759676
5.368342086	0.001743926
5.369842461	0.001728034
5.371342836	0.001712001
5.372843211	0.001695828
5.374343586	0.001679518
5.375843961	0.001663071
5.377344336	0.001646490
5.378844711	0.001629775
5.380345086	0.001612928
5.381845461	0.001595952
5.383345836	0.001578847
5.384846212	0.001561616
5.386346587	0.001544259
5.387846962	0.001526779
5.389347337	0.001509177
5.390847712	0.001491455
5.392348087	0.001473615
5.393848462	0.001455657
5.395348837	0.001437585
5.396849212	0.001419399
5.398349587	0.001401102
5.399849962	0.001382694
5.401350338	0.001364178
5.402850713	0.001345556
5.404351088	0.001326829
5.405851463	0.001307999
5.407351838	0.001289068
5.408852213	0.001270037
5.410352588	0.001250909
5.411852963	0.001231684
5.413353338	0.001212366
5.414853713	0.001192955
5.416354089	0.001173453
5.417854464	0.001153863
5.419354839	0.001134186
5.420855214	0.001114424
5.422355589	0.001094578
5.423855964	0.001074651
5.425356339	0.001054645
5.426856714	0.001034560
5.428357089	0.001014400
5.429857464	0.000994166
5.431357839	0.000973859
5.432858215	0.000953483
5.434358590	0.000933037
5.435858965	0.000912525
5.437359340	0.000891949
5.438859715	0.000871309
5.440360090	0.000850609
5.441860465	0.000829850
5.443360840	0.000809033
5.444861215	0.000788161
5.446361590	0.000767236
5.447861965	0.000746260
5.449362341	0.000725234
5.450862716	0.000704160
5.452363091	0.000683040
5.453863466	0.000661877
5.455363841	0.000640672
5.456864216	0.000619427
5.458364591	0.000598144
5.459864966	0.000576825
5.461365341	0.000555471
5.462865716	0.000534085
5.464366092	0.000512669
5.465866467	0.000491225
5.467366842	0.000469754
5.468867217	0.000448259
5.470367592	0.000426741
5.471867967	0.000405202
5.473368342	0.000383645
5.474868717	0.000362071
5.476369092	0.000340482
5.477869467	0.000318880
5.479369842	0.000297267
5.480870218	0.000275645
5.482370593	0.000254016
5.483870968	0.000232381
5.485371343	0.000210744
5.486871718	0.000189105
5.488372093	0.000167466
5.489872468	0.000145830
5.491372843	0.000124199
5.492873218	0.000102574
5.494373593	0.000080957
5.495873968	0.000059350
5.497374344	0.000037756
5.498874719	0.000016175
5.500375094	-0.000005390
5.501875469	-0.000026936
5.503375844	-0.000048463
5.504876219	-0.000069969
5.506376594	-0.000091451
5.507876969	-0.000112907
5.509377344	-0.000134336
5.510877719	-0.000155736
5.512378095	-0.000177105
5.513878470	-0.000198441
5.515378845	-0.000219742
5.516879220	-0.000241007
5.518379595	-0.000262232
5.519879970	-0.000283418
5.521380345	-0.000304561
5.522880720	-0.000325660
5.524381095	-0.000346713
5.525881470	-0.000367718
5.527381845	-0.000388674
5.528882221	-0.000409578
5.530382596	-0.000430429
5.531882971	-0.000451225
5.533383346	-0.000471964
5.534883721	-0.000492644
5.536384096	-0.000513264
5.537884471	-0.000533822
5.539384846	-0.000554315
5.540885221	-0.000574743
5.542385596	-0.000595103
5.543885971	-0.000615394
5.545386347	-0.000635613
5.546886722	-0.000655760
5.548387097	-0.000675832
5.549887472	-0.000695828
5.551387847	-0.000715746
5.552888222	-0.000735584
5.554388597	-0.000755341
5.555888972	-0.000775015
5.557389347	-0.000794604
5.558889722	-0.000814106
5.560390098	-0.000833520
5.561890473	-0.000852845
5.563390848	-0.000872078
5.564891223	-0.000891217
5.566391598	-0.000910263
5.567891973	-0.000929211
5.569392348	-0.000948062
5.570892723	-0.000966814
5.572393098	-0.000985464
5.573893473	-0.001004011
5.575393848	-0.001022455
5.576894224	-0.001040792
5.578394599	-0.001059022
5.579894974	-0.001077143
5.581395349	-0.001095154
5.582895724	-0.001113053
5.584396099	-0.001130838
5.585896474	-0.001148508
5.587396849	-0.001166062
5.588897224	-0.001183498
5.590397599	-0.001200815
5.591897974	-0.001218010
5.593398350	-0.001235084
5.594898725	-0.001252034
5.596399100	-0.001268859
5.597899475	-0.001285557
5.599399850	-0.001302128
5.600900225	-0.001318569
5.602400600	-0.001334880
5.603900975	-0.001351059
5.605401350	-0.001367104
5.606901725	-0.001383015
5.608402101	-0.001398790
5.609902476	-0.001414428
5.611402851	-0.001429928
5.612903226	-0.001445287
5.614403601	-0.001460506
5.615903976	-0.001475583
5.617404351	-0.001490516
5.618904726	-0.001505304
5.620405101	-0.001519947
5.621905476	-0.001534442
5.623405851	-0.001548790
5.624906227	-0.001562988
5.626406602	-0.001577035
5.627906977	-0.001590931
5.629407352	-0.001604674
5.630907727	-0.001618263
5.632408102	-0.001631697
5.633908477	-0.001644975
5.635408852	-0.001658096
5.636909227	-0.001671059
5.638409602	-0.001683863
5.639909977	-0.001696506
5.641410353	-0.001708989
5.642910728	-0.001721309
5.644411103	-0.001733466
5.645911478	-0.001745459
5.647411853	-0.001757287
5.648912228	-0.001768950
5.650412603	-0.001780445
5.651912978	-0.001791773
5.653413353	-0.001802932
5.654913728	-0.001813922
5.656414104	-0.001824741
5.657914479	-0.001835390
5.659414854	-0.001845866
5.660915229	-0.001856170
5.662415604	-0.001866300
5.663915979	-0.001876256
5.665416354	-0.001886037
5.666916729	-0.001895642
5.668417104	-0.001905071
5.669917479	-0.001914323
5.671417854	-0.001923397
5.672918230	-0.001932292
5.674418605	-0.001941009
5.675918980	-0.001949545
5.677419355	-0.001957901
5.678919730	-0.001966077
5.680420105	-0.001974070
5.681920480	-0.001981882
5.683420855	-0.001989511
5.684921230	-0.001996956
5.686421605	-0.002004218
5.687921980	-0.002011296
5.689422356	-0.002018189
5.690922731	-0.002024897
5.692423106	-0.002031420
5.693923481	-0.002037756
5.695423856	-0.002043906
5.696924231	-0.002049869
5.698424606	-0.002055644
5.699924981	-0.002061233
5.701425356	-0.002066633
5.702925731	-0.002071845
5.704426107	-0.002076868
5.705926482	-0.002081703
5.707426857	-0.002086348
5.708927232	-0.002090804
5.710427607	-0.002095070
5.711927982	-0.002099147
5.713428357	-0.002103033
5.714928732	-0.002106729
5.716429107	-0.002110234
5.717929482	-0.002113549
5.719429857	-0.002116673
5.720930233	-0.002119607
5.722430608	-0.002122349
5.723930983	-0.002124900
5.725431358	-0.002127260
5.726931733	-0.002129429
5.728432108	-0.002131406
5.729932483	-0.002133193
5.731432858	-0.002134788
5.732933233	-0.002136191
5.734433608	-0.002137404
5.735933983	-0.002138425
5.737434359	-0.002139255
5.738934734	-0.002139894
5.740435109	-0.002140342
5.741935484	-0.002140600
5.743435859	-0.002140666
5.744936234	-0.002140542
5.746436609	-0.002140228
5.747936984	-0.002139723
5.749437359	-0.002139029
5.750937734	-0.002138144
5.752438110	-0.002137070
5.753938485	-0.002135807
5.755438860	-0.002134354
5.756939235	-0.002132713
5.758439610	-0.002130883
5.759939985	-0.002128866
5.761440360	-0.002126660
5.762940735	-0.002124267
5.764441110	-0.002121686
5.765941485	-0.002118919
5.767441860	-0.002115966
5.768942236	-0.002112827
5.770442611	-0.002109502
5.771942986	-0.002105992
5.773443361	-0.002102297
5.774943736	-0.002098419
5.776444111	-0.002094356
5.777944486	-0.002090111
5.779444861	-0.002085683
5.780945236	-0.002081073
5.782445611	-0.002076281
5.783945986	-0.002071309
5.785446362	-0.002066156
5.786946737	-0.002060824
5.788447112	-0.002055312
5.789947487	-0.002049622
5.791447862	-0.002043754
5.792948237	-0.002037709
5.794448612	-0.002031487
5.795948987	-0.002025090
5.797449362	-0.002018517
5.798949737	-0.002011770
5.800450113	-0.002004850
5.801950488	-0.001997757
5.803450863	-0.001990491
5.804951238	-0.001983055
5.806451613	-0.001975447
5.807951988	-0.001967671
5.809452363	-0.001959725
5.810952738	-0.001951611
5.812453113	-0.001943330
5.813953488	-0.001934883
5.815453863	-0.001926270
5.816954239	-0.001917493
5.818454614	-0.001908553
5.819954989	-0.001899449
5.821455364	-0.001890184
5.822955739	-0.001880758
5.824456114	-0.001871173
5.825956489	-0.001861428
5.827456864	-0.001851526
5.828957239	-0.001841467
5.830457614	-0.001831252
5.831957989	-0.001820882
5.833458365	-0.001810359
5.834958740	-0.001799683
5.836459115	-0.001788856
5.837959490	-0.001777878
5.839459865	-0.001766750
5.840960240	-0.001755474
5.842460615	-0.001744052
5.843960990	-0.001732483
5.845461365	-0.001720769
5.846961740	-0.001708911
5.848462116	-0.001696911
5.849962491	-0.001684770
5.851462866	-0.001672488
5.852963241	-0.001660068
5.854463616	-0.001647510
5.855963991	-0.001634815
5.857464366	-0.001621985
5.858964741	-0.001609021
5.860465116	-0.001595924
5.861965491	-0.001582695
5.863465866	-0.001569337
5.864966242	-0.001555849
5.866466617	-0.001542234
5.867966992	-0.001528493
5.869467367	-0.001514626
5.870967742	-0.001500636
5.872468117	-0.001486524
5.873968492	-0.001472291
5.875468867	-0.001457938
5.876969242	-0.001443467
5.878469617	-0.001428879
5.879969992	-0.001414176
5.881470368	-0.001399359
5.882970743	-0.001384429
5.884471118	-0.001369387
5.885971493	-0.001354237
5.887471868	-0.001338977
5.888972243	-0.001323611
5.890472618	-0.001308140
5.891972993	-0.001292564
5.893473368	-0.001276886
5.894973743	-0.001261107
5.896474119	-0.001245229
5.897974494	-0.001229252
5.899474869	-0.001213179
5.900975244	-0.001197011
5.902475619	-0.001180749
5.903975994	-0.001164395
5.905476369	-0.001147951
5.906976744	-0.001131418
5.908477119	-0.001114797
5.909977494	-0.001098091
5.911477869	-0.001081300
5.912978245	-0.001064427
5.914478620	-0.001047473
5.915978995	-0.001030438
5.917479370	-0.001013326
5.918979745	-0.000996138
5.920480120	-0.000978875
5.921980495	-0.000961538
5.923480870	-0.000944130
5.924981245	-0.000926652
5.926481620	-0.000909105
5.927981995	-0.000891492
5.929482371	-0.000873813
5.930982746	-0.000856071
5.932483121	-0.000838267
5.933983496	-0.000820403
5.935483871	-0.000802480
5.936984246	-0.000784500
5.938484621	-0.000766465
5.939984996	-0.000748376
5.941485371	-0.000730235
5.942985746	-0.000712043
5.944486122	-0.000693803
5.945986497	-0.000675516
5.947486872	-0.000657183
5.948987247	-0.000638807
5.950487622	-0.000620388
5.951987997	-0.000601930
5.953488372	-0.000583432
5.954988747	-0.000564897
5.956489122	-0.000546328
5.957989497	-0.000527724
5.959489872	-0.000509088
5.960990248	-0.000490422
5.962490623	-0.000471728
5.963990998	-0.000453006
5.965491373	-0.000434260
5.966991748	-0.000415489
5.968492123	-0.000396697
5.969992498	-0.000377885
5.971492873	-0.000359054
5.972993248	-0.000340206
5.974493623	-0.000321343
5.975993998	-0.000302467
5.977494374	-0.000283579
5.978994749	-0.000264681
5.980495124	-0.000245775
5.981995499	-0.000226862
5.983495874	-0.000207944
5.984996249	-0.000189023
5.986496624	-0.000170100
5.987996999	-0.000151177
5.989497374	-0.000132256
5.990997749	-0.000113339
5.992498125	-0.000094426
5.993998500	-0.000075521
5.995498875	-0.000056624
5.996999250	-0.000037737
5.998499625	-0.000018862
6.000000000	-0.000000000
